50
-1	9.110981046e-05
-1	0.000000000001
-1	0.0000000000001
0	0.00000000000001
1	0.000000000000001
10	0.0000000000000001
7.077311963000	1
-1.000000000000	2
-1.000000000000	0.002480860101
-1.000000000000	0.002170531312
8.444171142000	0.515548825300
-1.000000000000	0.647175610100
7.171818997000	0.016154976560
8.689109042000	0.008428135887
8.614353844000	0.018314287070
-1.000000000000	0.010231867430
3.049470826000	0.003207670990
6.134272828000	0.014647793960
-1.000000000000	0.004097377416
-1.000000000000	0.000904695480
8.279934850000	0.019062310460
6.068726889000	0.006677639205
9.171301545000	0.060353774580
-1.000000000000	0.051791261880
-1.000000000000	0.003484967863
5.028895164000	0.007536035962
-1.000000000000	0.001534575480
-1.000000000000	0.005988189485
-1.000000000000	0.009683565237
-1.000000000000	0.015698149800
6.257126731000	0.010535589420
-1.000000000000	0.021357957270
9.098587312000	0.004285090603
-1.000000000000	0.011257583280
8.211769477000	0.009401090443
5.854359153000	0.003000109689
-1.000000000000	0.004153590649
-1.000000000000	0.005030167289
9.142381056000	0.015560648400
-1.000000000000	0.025146156550
8.687666017000	0.000871658907
9.403962890000	0.000774449145
9.132337656000	0.009052096866
9.362584216000	0.006376252044
8.450414710000	0.005292954855
9.380617398000	0.006624985952
-1.000000000000	0.005028704647
9.221358853000	0.003029605374
7.377731714000	0.005168725271
7.260049479000	0.006884873845
-1.000000000000	0.014709753920
-1.000000000000	0.005317795090
7.776105556000	0.003214457072
6.931782111000	0.001500573591
7.786831995000	0.104115322200
7.512566700000	0.082155264910
-1.000000000000	0.014235966840
-1.000000000000	0.012787197720
7.813492786000	0.325509369400
9.431872898000	0.594697713900
8.980481502000	0.008630221710
6.956418995000	0.017502512780
8.434765898000	0.010787324980
9.270086138000	0.013235681690
7.812175749000	0.025413565340
7.851529823000	0.023946290840
8.396817518000	0.135600283700
8.883720439000	0.115458726900
-1.000000000000	0.008096499369
-1.000000000000	0.009258235805
8.295032259000	0.013321802020
-1.000000000000	0.008702939376
5.484363755000	0.008611701429
-1.000000000000	0.010340016340
-1.000000000000	0.000803356874
7.490820965000	0.001871778280
7.483482472000	0.012738421560
6.078098952000	0.010809948670
8.996786605000	0.193228602400
9.309940019000	0.186947733200
9.385986952000	0.005345663987
9.112405409000	0.009015854448
8.814574878000	0.005754578393
8.600468607000	0.006062978879
-1.000000000000	0.002778063994
-1.000000000000	0.002639519982
9.073437596000	0.001485996414
9.493488601000	0.082817710940
-1.000000000000	1.000000000000
-1.000000000000	1.000000000000
-1.000000000000	0.085001289840
7.264974012000	0.251499444200
-1.000000000000	0.001384744421
6.620532499000	0.003224855755
8.623805692000	0.003106023651
8.287906895000	0.001585823833
9.493587280000	0.013812107970
9.480502469000	0.004420446232
8.580061380000	0.004613220226
8.999679467000	0.010489566250
-1.000000000000	0.005404891446
7.170171434000	0.003987703472
8.788625429000	0.006582978182
-1.000000000000	0.003155164886
5.690233012000	0.004992702976
3.943020238000	0.009824523702
8.023204326000	0.045370489360
7.393732500000	0.041010227050
-1.000000000000	0.005612432957
-1.000000000000	0.005939293653
7.829459914000	0.027618207040
-1.000000000000	0.033000603320
-1.000000000000	0.005513518583
-1.000000000000	0.006284653209
-1.000000000000	0.637567579700
-1.000000000000	0.341400444500
9.281022784000	0.397409677500
9.303266811000	0.398909002500
9.492042705000	0.000442522083
-1.000000000000	0.002397657372
6.865382180000	0.011273332870
8.353987524000	0.012100846510
-1.000000000000	0.004073617980
6.300530212000	0.001008524792
7.570603168000	0.007883428596
6.463535947000	0.003477765946
8.634163115000	1.000000000000
7.465891178000	1.000000000000
8.645263302000	0.013839378950
8.744484024000	0.006115101278
6.845976829000	0.017377497630
-1.000000000000	0.015510372820
7.924112545000	0.008821201511
6.188930823000	0.006563663483
7.034480020000	0.004678891506
8.203833763000	0.012723690830
8.552403799000	0.013681644570
9.495801959000	0.010103503240
5.510104809000	0.003042595461
8.873730107000	0.011006625370
-1.000000000000	0.001482567750
-1.000000000000	0.002592609264
8.938774060000	0.393545150800
9.025482842000	0.397945016600
5.784491696000	0.002973188879
-1.000000000000	0.005630657077
9.286280949000	0.006850703619
8.853196866000	0.006310155615
6.475613703000	0.001969052013
-1.000000000000	0.000904695480
-1.000000000000	0.172443300500
-1.000000000000	0.045694179830
8.482382861000	0.002934221877
-1.000000000000	0.003349187318
7.208378441000	0.118242487300
4.700628961000	0.060050420460
7.571583881000	0.007382828742
-1.000000000000	0.026476740840
8.941444044000	0.016280202200
8.400210689000	0.010462696660
8.769368111000	0.030055055390
-1.000000000000	0.017188062890
-1.000000000000	0.009598239325
-1.000000000000	0.010990638290
-1.000000000000	0.650689542300
-1.000000000000	1.000000000000
7.387747106000	0.022996850310
7.498151967000	0.042020447550
-1.000000000000	0.091739937660
-1.000000000000	0.052746564150
8.002380349000	0.006880355068
9.194723742000	0.010672211650
7.402475624000	0.016738183800
-1.000000000000	0.010604523120
-1.000000000000	0.002864867914
-1.000000000000	0.002023605630
-1.000000000000	0.009004355408
-1.000000000000	0.002229783218
6.172312160000	0.028548419480
8.541521413000	0.047233723100
-1.000000000000	0.084189824760
-1.000000000000	0.097381010650
8.536461430000	0.023622337730
7.138234489000	0.014076804740
9.317811910000	0.005899792071
-1.000000000000	0.017127878960
-1.000000000000	0.001670187106
-1.000000000000	0.001340225223
8.741995897000	0.334679245900
7.495557317000	0.622725725200
7.312156355000	0.023126965390
-1.000000000000	0.018423333760
9.114351078000	0.003351051593
9.372741524000	0.010655093940
-1.000000000000	0.004560943693
-1.000000000000	0.009223952889
-1.000000000000	0.004757322371
5.023882669000	0.003771170275
-1.000000000000	0.036301977930
8.676716587000	0.039596017450
7.718773783000	0.012549516740
-1.000000000000	0.023365199570
-1.000000000000	0.480432152700
-1.000000000000	1.000000000000
-1.000000000000	0.006750898901
6.972735017000	0.005364805926
-1.000000000000	0.024675982070
-1.000000000000	0.072876192630
8.199334481000	0.005092776380
-1.000000000000	0.015724582600
-1.000000000000	0.011085346340
-1.000000000000	0.009428340010
9.002469309000	0.012976641770
8.645263302000	0.007466821466
7.144700449000	0.010570809250
9.317862551000	0.023498114200
-1.000000000000	0.000350426970
-1.000000000000	0.000002724929
-1.000000000000	0.005744211376
-1.000000000000	0.005841149017
6.953209178000	0.004336374346
-1.000000000000	0.004288013559
9.091326032000	0.013961642050
-1.000000000000	0.035615131260
6.551377717000	0.018189208580
6.271705328000	0.009091932327
9.295481402000	0.048519115900
8.764752278000	0.025742508470
8.868563044000	0.051227666440
8.980116557000	0.051802501080
4.394520717000	0.001978965942
-1.000000000000	0.006471555680
9.415467573000	0.019145585600
6.697785776000	0.012625020930
-1.000000000000	0.000740063610
-1.000000000000	0.000872572477
-1.000000000000	0.004442339297
-1.000000000000	0.004354919773
9.332172746000	0.011174544690
7.907821396000	0.026663692670
-1.000000000000	0.016649719330
-1.000000000000	0.019165758040
8.596312247000	0.003798575606
9.075346091000	0.003729424207
9.160577539000	0.154027968600
9.586625899000	0.184110283900
-1.000000000000	0.004560943693
-1.000000000000	0.009223952889
8.283206465000	0.024126833300
7.133071262000	0.003093546256
9.221794136000	0.008913982660
7.556654490000	0.011008266360
9.481337148000	0.007739205379
9.462441155000	0.010943863540
-1.000000000000	0.003962025046
-1.000000000000	0.004768532701
9.168359169000	0.001087716781
-1.000000000000	0.004347801674
-1.000000000000	0.015299390070
4.490413991000	0.006034386810
-1.000000000000	0.366339087500
8.996786605000	1.000000000000
-1.000000000000	0.007804597728
3.131701672000	0.007599661127
6.921111412000	0.001343887765
7.344924208000	0.008070594631
8.383899156000	0.012267564420
5.212337827000	0.007419143338
-1.000000000000	0.009103597142
8.715100214000	0.008563585579
-1.000000000000	0.000635900244
9.775451740000	0.001669650432
-1.000000000000	0.006302668247
-1.000000000000	0.008818180300
-1.000000000000	0.062012583020
-1.000000000000	0.057813465600
5.962973183000	0.008531956002
7.765572495000	0.001437684288
8.553124206000	0.019486285750
8.890894997000	0.012950504200
-1.000000000000	0.034820225090
9.438466743000	0.008191383444
-1.000000000000	0.047633547340
-1.000000000000	0.120077170400
7.801975399000	0.317279607100
-1.000000000000	0.036566663530
8.140732773000	0.089944720270
8.451784910000	0.080322548750
8.698100193000	0.004245194141
8.501146965000	0.005573751871
6.501307830000	0.009103266522
-1.000000000000	0.000210131315
7.389595282000	0.019547164440
-1.000000000000	0.005248747300
-1.000000000000	0.015119346790
9.010933752000	0.026485601440
5.253845493000	0.007917216048
4.667721724000	0.017761379480
8.438498138000	0.014656466430
-1.000000000000	0.005241174717
-1.000000000000	0.181536972500
-1.000000000000	0.102457009300
5.937924320000	0.007051126100
-1.000000000000	0.008091039024
-1.000000000000	0.000930111622
-1.000000000000	0.004457942676
6.534229036000	0.010350517930
8.860863355000	0.007961447351
-1.000000000000	0.178853929000
-1.000000000000	0.149566680200
-1.000000000000	0.010177831170
9.347303616000	0.014708268460
9.484262536000	0.004575385712
7.553980407000	0.001380430418
-1.000000000000	0.036055523900
-1.000000000000	0.033798418940
9.107343158000	0.005094355438
6.508491095000	0.003124094568
9.113284602000	0.003807243193
8.503120036000	0.003604983445
9.090612333000	0.041004285220
7.664793776000	0.017520319670
-1.000000000000	0.004436444491
-1.000000000000	0.011215120550
-1.000000000000	0.009463992901
-1.000000000000	0.004819528200
-1.000000000000	0.001525889616
-1.000000000000	0.001437652158
-1.000000000000	0.022589415310
-1.000000000000	0.031704951080
-1.000000000000	0.004185208119
-1.000000000000	0.014079738410
9.279725216000	0.004166443367
8.632276083000	0.007859447971
-1.000000000000	0.021171201020
9.106528408000	0.020330106840
-1.000000000000	0.005125036463
-1.000000000000	0.003410218749
-1.000000000000	0.004243177827
-1.000000000000	0.006897005253
7.751004467000	0.154064536100
8.700049827000	0.725446283800
-1.000000000000	0.003283458063
-1.000000000000	0.004006970208
8.017317974000	1.000000000000
8.357981721000	1.000000000000
4.847697540000	0.014570050870
7.515830772000	0.017160464080
8.075359651000	0.003995438572
8.013487217000	0.011419962160
-1.000000000000	0.078902192410
7.999020985000	0.088893786070
-1.000000000000	0.001407059724
-1.000000000000	0.002095029922
-1.000000000000	0.004333535209
8.291701118000	0.002031118376
-1.000000000000	0.003799386090
-1.000000000000	0.002120668534
8.425262129000	0.220887795100
-1.000000000000	0.055457659070
7.350289802000	0.000091109810
9.648440345000	0.000094000803
9.558280511000	0.014660997320
8.484596603000	0.015223182740
-1.000000000000	0.020493023100
9.103739040000	0.003192314180
8.882563649000	0.009058883414
9.213809529000	0.044818088410
5.520906708000	1.000000000000
8.580674961000	0.191120743800
-1.000000000000	0.034589547660
9.158290774000	0.038107056170
9.460729009000	0.006994911935
8.889373266000	0.007254176773
-1.000000000000	0.004727896303
7.417488481000	0.000664051797
-1.000000000000	0.017525440080
-1.000000000000	0.013136920520
-1.000000000000	0.000700965989
7.437393823000	0.001016981318
-1.000000000000	0.004772790242
-1.000000000000	0.001790098846
7.629508042000	0.017514491450
6.883031018000	0.017737958580
9.177963018000	0.021127944810
9.159874392000	0.006672688760
8.812212597000	0.008452047594
-1.000000000000	0.012787197720
-1.000000000000	0.006003658753
9.016503499000	0.011832664720
-1.000000000000	0.035277824850
7.773343195000	0.037286959590
-1.000000000000	0.004287568852
-1.000000000000	0.004288013559
7.563866900000	0.010521008630
7.955331321000	0.032614216210
7.279616953000	0.003674926935
9.018087298000	0.011733907270
4.091935074000	0.008670242503
7.541996372000	0.005464568734
9.372031948000	0.009272990748
8.964580445000	0.005331816617
-1.000000000000	0.002495303517
-1.000000000000	0.001955896616
-1.000000000000	0.002351466799
9.442354123000	0.005472026300
-1.000000000000	0.003094976069
-1.000000000000	0.001952040009
-1.000000000000	0.012452426370
-1.000000000000	0.008928002790
-1.000000000000	0.001252212678
6.980479794000	0.008822841570
4.918264017000	0.001521804370
6.970848775000	0.000281956512
9.587611718000	0.396906226900
9.370768758000	0.280069440600
8.980481502000	0.017121832820
-1.000000000000	0.004070898984
-1.000000000000	0.036185879260
-1.000000000000	0.009222613648
-1.000000000000	0.066988676790
-1.000000000000	0.078109294180
-1.000000000000	0.015119346790
9.010933752000	0.026485601440
8.156617434000	0.018749566750
-1.000000000000	0.020167706530
-1.000000000000	0.005366683472
-1.000000000000	0.001877490315
-1.000000000000	0.247134372600
-1.000000000000	0.536075770900
7.316303698000	0.008552682586
7.533366650000	0.006154600531
-1.000000000000	0.067636646330
-1.000000000000	0.057474453000
7.048202615000	0.003698832355
-1.000000000000	0.006491025444
-1.000000000000	0.035943921660
-1.000000000000	0.022302862260
-1.000000000000	0.040099631990
-1.000000000000	0.029857506980
-1.000000000000	0.200423240700
-1.000000000000	0.086510233580
-1.000000000000	0.095676131550
8.410631653000	0.175409868400
-1.000000000000	0.002828508848
-1.000000000000	0.001352149295
7.560228697000	0.009919141419
-1.000000000000	0.011210722850
8.448610860000	0.003447912866
8.470206248000	0.004697562195
7.971281874000	0.008752648719
7.820026027000	0.015657665210
9.496003086000	0.371549725500
8.700060662000	0.075673930350
8.972456849000	1.000000000000
8.484596603000	1.000000000000
9.240725092000	1.000000000000
8.635162132000	1.000000000000
-1.000000000000	0.009349133819
-1.000000000000	0.006336305756
-1.000000000000	0.029400998730
9.637256169000	0.039545696230
-1.000000000000	0.228446751800
-1.000000000000	0.270432323200
8.553124206000	0.019486285750
8.890894997000	0.012950504200
-1.000000000000	0.003313327907
-1.000000000000	0.011725078340
9.152690617000	0.012109471490
7.658491306000	0.007730865851
7.408917167000	0.353455692500
-1.000000000000	0.539368569900
4.802727778000	0.004981381353
-1.000000000000	0.004291750491
8.193314186000	0.167494744100
-1.000000000000	0.156245917100
9.189491895000	0.003116765758
8.955506322000	0.007392513100
7.622665437000	0.010284385640
7.931504896000	0.024376520890
-1.000000000000	0.026222011070
-1.000000000000	0.025430435310
-1.000000000000	0.001859897282
-1.000000000000	0.001857749419
7.015479200000	0.005349489860
9.316242493000	0.000374020194
6.475264886000	0.041227772830
4.507590771000	0.022952064870
-1.000000000000	0.019197938960
-1.000000000000	0.018782353030
-1.000000000000	0.063783876600
-1.000000000000	0.022588409480
-1.000000000000	0.003585138591
-1.000000000000	0.004979998805
6.501307830000	0.000573293481
7.827991923000	0.001911065541
-1.000000000000	0.013778107240
-1.000000000000	0.033320233230
-1.000000000000	0.002541931346
8.060426285000	0.004393012263
-1.000000000000	0.184765875300
-1.000000000000	0.227534771000
9.253588484000	0.013565502130
8.564713002000	0.003179330844
-1.000000000000	0.006478544790
-1.000000000000	0.003389132908
9.455052397000	0.000338353217
8.891216579000	0.000521956885
8.691909418000	0.723585486400
-1.000000000000	0.458226531700
-1.000000000000	0.017657984050
9.183975678000	0.031774658710
9.285255161000	0.024288529530
9.487684799000	0.015478763730
8.056822296000	0.009765144438
-1.000000000000	0.007656408474
-1.000000000000	0.005631839857
3.670872573000	0.004213389009
7.035518828000	0.005824470893
7.997916314000	0.011116789650
8.639699400000	0.131015330600
7.720924489000	0.051667623220
-1.000000000000	0.003998997621
-1.000000000000	0.006014343817
8.434765898000	0.010787324980
9.442221716000	0.014729710300
7.129020427000	0.004658429883
7.805066211000	0.003898123978
8.878313387000	0.457637310000
9.684221950000	0.611497461800
9.445321055000	0.025621764360
8.624203332000	0.021106442440
9.496003086000	0.371549725500
8.700060662000	0.075673930350
-1.000000000000	0.181536972500
-1.000000000000	0.066618926820
7.083348550000	0.039417862890
9.303266811000	0.402073204500
-1.000000000000	0.014574579890
7.582388095000	0.014318872240
9.407712788000	0.026407629250
-1.000000000000	0.025160571560
-1.000000000000	0.000753698463
8.204735173000	0.000998694100
-1.000000000000	0.002973188879
-1.000000000000	0.004032652359
6.608216537000	0.010482052340
8.511034670000	0.004637015052
7.352651317000	0.008977321908
7.931504896000	0.005444303155
4.351152008000	0.009941034950
-1.000000000000	0.012471143160
-1.000000000000	0.006501362193
7.967689285000	0.003084463300
8.381953467000	0.003447729629
8.975069282000	0.011539551430
9.442043494000	0.010694865140
6.298990521000	0.005095655564
-1.000000000000	0.002220292576
-1.000000000000	0.003695252119
6.564806863000	0.007644328754
7.070197395000	0.006259518210
-1.000000000000	0.004153590649
-1.000000000000	0.005030167289
-1.000000000000	0.026972504330
-1.000000000000	0.025581726800
-1.000000000000	0.009252429940
4.126396714000	0.001989387674
-1.000000000000	0.004110120237
8.609343895000	0.006836262066
-1.000000000000	0.001489086542
8.251301743000	0.004628821276
4.275123924000	0.011309742930
-1.000000000000	0.020779045300
7.289846077000	0.026190483940
-1.000000000000	0.026330435650
-1.000000000000	0.001441295375
-1.000000000000	0.003920670599
-1.000000000000	0.008575557731
-1.000000000000	0.014114881870
7.907821396000	0.026663692670
9.281417428000	0.010446328670
8.899310613000	0.010153239590
8.032448148000	0.013091263360
8.609072224000	0.189601436300
8.780647614000	0.231505543000
9.386086899000	0.005679243710
9.428297237000	0.006957685109
9.297149704000	0.000850254495
9.451031463000	0.003694519633
-1.000000000000	0.019170753660
-1.000000000000	0.007954077795
8.737620110000	0.002624683548
7.954659523000	0.007350104395
8.623805692000	0.003106023651
8.287906895000	0.001585823833
7.287736759000	0.004752010573
-1.000000000000	0.004476746079
8.473244528000	0.009537835605
7.640305624000	0.006820289418
6.369323501000	0.013682026420
7.645322523000	0.013111249540
9.386021505000	0.001750141149
6.673705124000	0.005943710450
6.774064424000	0.024677140640
8.063111967000	0.025568174200
9.675349582000	0.601002037500
9.684221950000	0.611497461800
8.573989638000	0.005932304077
7.712078632000	0.004913292360
7.327408999000	0.002787469421
8.698781996000	0.000000466173
-1.000000000000	0.011320093650
-1.000000000000	0.017065564170
-1.000000000000	0.625962019000
-1.000000000000	0.345930963800
-1.000000000000	0.006041217130
-1.000000000000	0.003571905196
-1.000000000000	0.054601036010
-1.000000000000	0.064225487410
8.095572138000	0.005234778393
6.079784671000	0.008433358744
8.101152914000	0.014039099220
-1.000000000000	0.014098469170
7.402475624000	0.019145106900
6.963043980000	0.006535165012
-1.000000000000	0.025467533620
-1.000000000000	0.001305237529
7.511172086000	0.006116126198
7.498151967000	0.034913674000
8.669683714000	0.002834402723
9.192339985000	0.002073991112
9.397576701000	0.004363510758
7.352210794000	0.009424393997
-1.000000000000	0.000955439638
-1.000000000000	0.000848981086
8.139562724000	0.001280315453
8.177074296000	0.008635248989
7.575696309000	0.007780452725
6.190133937000	0.005337392446
-1.000000000000	0.003825614462
8.976557327000	0.005294333678
-1.000000000000	0.011103646830
-1.000000000000	0.001709478325
-1.000000000000	0.001195538905
7.963102260000	0.001991446130
9.151156653000	0.001689817407
6.700007867000	0.005255409982
3.612059022000	0.001266353065
7.950665042000	0.001988332020
-1.000000000000	0.003450992983
7.862927764000	0.006419747137
-1.000000000000	0.044617470350
-1.000000000000	0.021202525120
6.283121922000	0.004614042584
7.913327325000	0.007313674781
-1.000000000000	0.002200420480
-1.000000000000	0.003334548324
-1.000000000000	0.018159462140
-1.000000000000	0.015091584060
-1.000000000000	0.003140089102
-1.000000000000	0.001232490176
-1.000000000000	0.027751639490
-1.000000000000	0.259827137000
8.941849361000	0.008958841674
8.873649661000	0.008662375621
-1.000000000000	0.001113067847
9.390361231000	0.000976564712
7.298120083000	0.004020676948
5.520387056000	0.004572188482
8.817775980000	0.003386351280
-1.000000000000	0.004021904431
8.777535920000	0.003279257566
7.638240676000	0.004651977215
7.392661871000	0.009863585234
7.592533235000	0.012695947660
7.535525088000	0.004318790510
-1.000000000000	0.003015194787
-1.000000000000	0.058050170540
-1.000000000000	0.068477839230
6.749180500000	0.006879664958
4.254830957000	0.006832085084
5.108548205000	0.022482961420
-1.000000000000	0.026648912580
8.030027320000	0.023591550070
5.886585463000	0.020617574450
7.500358308000	0.010858161370
-1.000000000000	0.007354553323
7.366548915000	0.093842186030
-1.000000000000	0.035786464810
9.064300850000	0.008871730417
7.905763779000	0.005445814226
9.083233139000	0.062668010590
8.513889120000	0.083199009300
8.341596009000	0.013940639790
-1.000000000000	0.023860713470
5.937166589000	0.004899215419
-1.000000000000	0.007279092446
5.931311145000	0.002288402990
6.050618839000	0.000868827221
-1.000000000000	0.003947303165
-1.000000000000	0.007439949084
7.907939410000	0.019107114520
6.816731226000	0.003809136571
-1.000000000000	0.032128058370
-1.000000000000	0.000494254345
6.585041703000	0.057822868230
7.698349946000	0.016928199680
7.092277615000	0.003130045952
-1.000000000000	0.002118798206
9.213809529000	0.027717527000
-1.000000000000	0.015814894810
9.330662688000	0.017875326800
8.501588930000	0.018518123780
9.480513250000	0.004711731337
-1.000000000000	0.002701902064
7.670108192000	0.201569736000
-1.000000000000	0.223012864600
-1.000000000000	0.006296477281
-1.000000000000	0.009451106191
-1.000000000000	0.009966779500
7.867648090000	0.008781315759
8.145104077000	0.012402765450
-1.000000000000	0.002898381324
7.904555238000	0.015770545230
-1.000000000000	0.006217374466
6.745346515000	0.006841443945
9.007763812000	0.007551244926
8.720862996000	0.005686257500
8.069661005000	0.007944907993
-1.000000000000	0.000641205872
6.523389445000	0.002350271214
-1.000000000000	0.200423240700
-1.000000000000	0.086510233580
8.527711876000	0.008421720937
8.895763418000	0.005457157269
9.542480755000	0.010256332350
8.590861768000	0.024029621850
9.164289920000	0.004670375027
7.782274530000	0.005497670267
-1.000000000000	0.001330420724
-1.000000000000	0.009760905057
-1.000000000000	0.008994010277
-1.000000000000	0.007754204795
7.251945951000	0.011477286000
-1.000000000000	0.017856296150
9.618829310000	0.026732115070
8.532998439000	0.018371170390
-1.000000000000	0.056245125830
-1.000000000000	0.050090979780
-1.000000000000	0.005169039126
7.145462018000	0.021009473130
8.519100683000	0.007301960606
6.196844970000	0.005319444463
-1.000000000000	0.024675982070
-1.000000000000	0.072876192630
7.315062809000	0.008932162076
9.551441007000	0.013456525280
-1.000000000000	0.000949585985
-1.000000000000	0.001675700070
-1.000000000000	0.003292839509
6.753163293000	0.002579189371
-1.000000000000	0.018766928460
-1.000000000000	0.020217701790
-1.000000000000	0.013247484340
7.782654635000	0.007379126735
-1.000000000000	0.010312690400
6.820724196000	0.008523034863
6.795857406000	0.005618513096
6.864222933000	0.005746860057
9.021587482000	0.028069326650
8.592315409000	0.020879738030
9.373492110000	0.057797741140
9.477873659000	0.035273648800
9.007596533000	0.002736105584
8.371553174000	0.007381062023
-1.000000000000	0.005983097479
-1.000000000000	0.004254996777
7.265734580000	0.005418793298
8.086220675000	0.008064963855
-1.000000000000	0.002185010351
-1.000000000000	0.001406017225
-1.000000000000	0.001165051712
-1.000000000000	0.004269912373
5.713978437000	0.007705821190
9.374633728000	0.004179179668
-1.000000000000	0.024092108010
9.598127117000	0.080775707960
9.030236257000	0.021765818820
6.829644280000	0.011916954070
6.550009007000	0.008986492641
4.801787162000	0.016041707250
9.175985250000	0.046294290570
9.298748810000	0.055413022640
-1.000000000000	0.019310183820
8.221586339000	0.026886321600
-1.000000000000	0.001913708751
-1.000000000000	0.002264576033
6.935531577000	0.001840716926
-1.000000000000	0.003336205613
5.072517040000	0.009839744307
-1.000000000000	0.007856362499
-1.000000000000	0.007831070572
-1.000000000000	0.006107850000
-1.000000000000	0.002256807871
-1.000000000000	0.004402969033
9.481737487000	0.020344492050
8.994082119000	0.016229368750
9.276759346000	0.004657988437
8.775801603000	0.007188577671
7.375508298000	0.008894980885
7.865989905000	0.002897862578
7.251950456000	0.021127669140
9.306047314000	0.020805085080
-1.000000000000	0.018326468770
5.525968655000	0.018520560120
-1.000000000000	0.003676921362
8.564868535000	0.004027923569
8.561379142000	0.007136604749
8.581539625000	0.008213201538
9.254786118000	0.002842954360
9.024991087000	0.008824266493
8.204284613000	0.001390226884
8.101152914000	0.002349985531
-1.000000000000	0.091739937660
-1.000000000000	0.023661227900
5.368314471000	0.004609852098
7.060287384000	0.004408872686
8.140732773000	0.089944720270
8.451784910000	0.080322548750
8.600873506000	0.017795847730
7.948443446000	0.010843524710
6.299680623000	0.006500183605
8.314168230000	0.005332589149
8.931017780000	0.005852406844
-1.000000000000	0.006926898379
6.001587131000	0.001101563568
-1.000000000000	0.005756270606
-1.000000000000	0.410320490600
9.039825128000	0.562690734900
6.044032402000	0.003499126295
9.540692540000	0.008823672310
9.202230469000	0.005709959660
6.776429102000	0.003416644176
7.168569739000	0.012413634920
-1.000000000000	0.001837728778
9.376980813000	0.019604668020
6.549523161000	0.012925020420
-1.000000000000	0.003614614019
-1.000000000000	0.002564220456
8.687666017000	0.000871658907
9.043228217000	0.001886973041
7.978786464000	0.009639374912
3.285932243000	0.008394659497
-1.000000000000	0.004979998805
-1.000000000000	0.003130478784
-1.000000000000	0.002651452087
-1.000000000000	0.001512086950
-1.000000000000	0.123730361500
-1.000000000000	0.022588409480
9.073671570000	0.024133924390
8.963038878000	0.024226719510
8.816980749000	0.014883650470
6.896138066000	0.014191661960
6.939996206000	0.022282250230
-1.000000000000	0.017042828720
-1.000000000000	0.007933639921
-1.000000000000	0.005604685750
-1.000000000000	0.004129675217
9.438495612000	0.003807348898
-1.000000000000	0.010386293750
-1.000000000000	0.008839837275
7.712974011000	0.000952559640
7.895558261000	0.013015272100
9.573053842000	0.015148003590
8.123369171000	0.005196646322
-1.000000000000	0.000492835883
-1.000000000000	0.000651722308
8.772935244000	0.012359278280
-1.000000000000	0.005385712255
9.441995599000	0.183985456800
-1.000000000000	0.181947514400
7.886261426000	0.001326293917
8.454242135000	0.001800486352
5.411260068000	0.007659772411
-1.000000000000	0.004322297871
-1.000000000000	0.027751639490
-1.000000000000	0.144288629300
7.469315467000	0.015578255060
5.935670464000	0.006969606970
9.558280511000	0.014660997320
8.484596603000	0.015223182740
-1.000000000000	0.001298119314
-1.000000000000	0.004229585640
-1.000000000000	0.002043467481
8.111333216000	0.002534595551
9.035516121000	0.040326155720
9.598127117000	0.092278033490
-1.000000000000	0.420906096700
8.072190071000	0.284887760900
9.488139244000	0.020119080320
-1.000000000000	0.012857083230
-1.000000000000	0.003431418678
-1.000000000000	0.004619624000
5.656514165000	0.005498923361
8.074528497000	0.001719351974
9.380073815000	0.009127175435
5.978207326000	0.008176612668
9.323734275000	0.002911119489
7.352651317000	0.005745510105
-1.000000000000	0.051338281480
9.112940015000	0.053652178500
-1.000000000000	0.011653396300
-1.000000000000	0.008416056633
6.920622586000	0.006594692357
8.359135769000	0.007198057603
9.420555159000	0.010181942950
9.490657690000	0.003946688958
8.105820929000	0.004808829166
9.150214611000	0.005367391743
6.349003168000	0.006468594540
6.835359168000	0.006892874837
8.004802489000	0.001798655489
8.244069925000	0.006980684586
7.086456267000	0.026453955100
-1.000000000000	0.020147895440
-1.000000000000	0.025175848980
7.346186954000	0.028978938240
7.737140403000	0.003656020621
8.008395789000	0.004728853703
-1.000000000000	0.003874565242
-1.000000000000	0.002731397748
9.465789295000	0.010834732090
8.701741243000	0.006033204496
-1.000000000000	0.024089343850
-1.000000000000	0.031676542010
7.355667784000	0.007197552361
7.412337321000	0.011986110360
5.256287790000	0.014306064700
-1.000000000000	0.014877465550
-1.000000000000	0.009966779500
7.867648090000	0.008781315759
-1.000000000000	0.004851260222
-1.000000000000	0.007659302093
5.633630412000	0.003784301225
8.853027273000	0.007147538010
7.710029904000	0.065429046750
-1.000000000000	0.077545270320
-1.000000000000	0.231393769400
-1.000000000000	0.107018560200
8.791127643000	0.030439700930
-1.000000000000	0.033843867480
6.896138066000	0.013230038810
6.162996573000	0.011308801360
9.244101931000	0.015869749710
6.715300075000	0.010458697560
-1.000000000000	0.003927599173
-1.000000000000	0.003596659983
-1.000000000000	0.011940795000
-1.000000000000	0.019197938960
8.964294608000	0.053350485860
-1.000000000000	0.041983108970
9.296913535000	0.000057846675
-1.000000000000	0.001161593827
-1.000000000000	0.006003658753
9.016503499000	0.011832664720
7.304612934000	0.004031291232
-1.000000000000	0.007115683984
8.058907529000	0.000991340959
9.433765102000	0.008317534812
-1.000000000000	0.004882606678
-1.000000000000	0.004013813101
9.107646206000	0.014951014890
8.185537776000	0.009459919296
9.451266394000	0.048148833220
9.112940015000	0.053652178500
-1.000000000000	0.002453271532
-1.000000000000	0.004019598477
-1.000000000000	0.002528354060
-1.000000000000	0.002423618920
7.041232760000	0.010069746520
8.697729325000	0.000000538286
7.749543083000	0.002822201932
8.777535920000	0.003279257566
-1.000000000000	0.011635541920
-1.000000000000	0.016125753520
7.151212989000	0.005989506841
-1.000000000000	0.001055396628
-1.000000000000	0.003967055120
-1.000000000000	0.002560978523
-1.000000000000	0.023846441880
-1.000000000000	0.016003539790
-1.000000000000	0.006696495693
-1.000000000000	0.005924043246
8.795913102000	0.029946686700
7.982731270000	0.031067995350
-1.000000000000	0.075708866120
7.178300219000	0.043750714510
7.035518828000	0.005824470893
7.997916314000	0.011116789650
9.258792037000	0.159676909400
-1.000000000000	0.156641840900
9.478936018000	0.012956606220
9.097378238000	0.017950290810
8.226174165000	0.262831270700
8.566188831000	0.274703055600
-1.000000000000	0.003646147205
9.457417652000	0.000441559765
8.605422082000	0.004922015592
-1.000000000000	0.002345978282
8.146126336000	0.005652804393
-1.000000000000	0.006319488399
9.385986952000	0.005345663987
9.112405409000	0.009015854448
8.564868535000	0.017653154210
8.760973074000	0.005674188957
8.941849361000	0.008958841674
8.873649661000	0.008662375621
8.875740951000	0.009718242101
7.021877595000	0.009410819970
9.366771064000	0.004188671708
-1.000000000000	0.007984158583
-1.000000000000	0.008773410693
-1.000000000000	0.007634734735
-1.000000000000	0.010928001250
4.657778173000	0.028234913950
7.192183927000	0.007595943287
6.566546622000	0.003182861023
-1.000000000000	0.001100093708
2.563987553000	0.013016072100
6.057869182000	0.003775765654
-1.000000000000	0.005902929232
9.474447487000	0.006278543733
7.128689418000	0.005852718838
6.559491470000	0.037645950910
8.580674961000	0.009399140254
8.387935240000	0.005745986942
7.387176473000	0.008815206587
8.238043699000	0.004482083488
9.189459839000	0.003905846970
-1.000000000000	0.001843190519
8.833002275000	0.005119296256
7.851529823000	0.023946290840
7.712157996000	0.006724928506
6.871931469000	0.002293684054
4.424770994000	0.008520788513
5.680384148000	0.004670186900
6.300530212000	0.001008524792
-1.000000000000	0.001441047993
8.511387600000	0.001255997689
9.326252305000	1.000000000000
6.965838377000	0.590350925900
9.367523047000	0.002531365491
9.360563451000	0.002211355604
-1.000000000000	0.155369043400
4.304732580000	0.273893833200
-1.000000000000	0.005227671005
-1.000000000000	0.001094445819
9.170775484000	0.002633989090
-1.000000000000	0.000803356874
8.708438753000	0.010435741390
-1.000000000000	0.004438200034
6.901255036000	0.012601125990
7.882340290000	0.049485009160
8.665750825000	0.220801621700
-1.000000000000	0.233691722200
-1.000000000000	0.006973720621
-1.000000000000	0.005143576767
8.773453225000	0.018713308500
9.639386851000	0.006916100159
7.345511836000	0.006815311965
7.821076703000	0.010649669920
-1.000000000000	0.010086355730
-1.000000000000	0.006327401847
9.113284602000	0.003807243193
8.503120036000	0.003604983445
9.423929108000	0.004665258806
9.494622524000	0.006559784524
9.038133097000	0.061994962390
-1.000000000000	0.020639656110
-1.000000000000	0.011596757920
-1.000000000000	0.011330197570
8.552403799000	0.010924054310
7.500358308000	0.019418248910
-1.000000000000	0.181705385400
-1.000000000000	0.081316836180
-1.000000000000	0.004639235791
-1.000000000000	0.003251301823
-1.000000000000	0.032341446730
-1.000000000000	0.029962582510
6.914878959000	0.054705619810
7.910768545000	0.153750762300
-1.000000000000	0.470268815800
-1.000000000000	0.453514277900
-1.000000000000	0.001290049287
-1.000000000000	0.000986026018
7.869213511000	0.017604179680
8.364801101000	0.016036307440
8.204735173000	0.000998694100
-1.000000000000	0.000124024707
6.827845667000	0.024227919060
6.125868560000	0.004563044291
8.614501969000	0.006193157751
-1.000000000000	0.011185751300
-1.000000000000	0.001996654784
-1.000000000000	0.001996654784
8.425262129000	0.220887795100
-1.000000000000	0.055457659070
9.160577539000	0.154027968600
9.586625899000	0.184110283900
8.897411935000	0.008496444672
8.008514418000	0.010363888000
9.284544755000	0.001386851771
-1.000000000000	0.001436540857
-1.000000000000	0.001534575480
-1.000000000000	0.005988189485
-1.000000000000	0.002944295062
-1.000000000000	0.007316076197
-1.000000000000	0.000480341318
8.062121420000	0.003592818975
7.722557660000	0.001405997784
8.537560844000	0.015199418180
-1.000000000000	0.001582438359
-1.000000000000	0.001614122069
-1.000000000000	0.121813677300
8.429242184000	0.114751823200
5.633630412000	0.003784301225
8.853027273000	0.007147538010
6.839784825000	0.051396299150
-1.000000000000	0.042821597310
-1.000000000000	0.008669459261
-1.000000000000	0.035105232150
-1.000000000000	0.013778107240
-1.000000000000	0.033320233230
-1.000000000000	0.000480378832
-1.000000000000	0.000956538017
-1.000000000000	0.015448015180
8.543890605000	0.012351960880
6.855998951000	0.004929854069
7.782274530000	0.005497670267
5.530260450000	0.011456280020
8.564893717000	0.004486640450
-1.000000000000	0.017051756380
-1.000000000000	0.022012718020
7.548924630000	0.007951838896
-1.000000000000	0.002854428254
-1.000000000000	0.001491960254
6.452163799000	0.000655921060
9.495037365000	0.006365566980
7.608827828000	0.004334930331
6.796579881000	0.048706568780
-1.000000000000	0.072570532560
-1.000000000000	0.008112052456
-1.000000000000	0.011885248120
7.015479200000	0.005349489860
9.316242493000	0.000374020194
-1.000000000000	0.091739937660
-1.000000000000	0.052746564150
8.321471811000	0.002616412006
7.602765457000	0.001996889012
-1.000000000000	0.002060447587
-1.000000000000	0.005275661126
-1.000000000000	0.016123998910
-1.000000000000	0.016818860550
9.090266185000	0.000854822807
7.617030457000	0.003422948532
9.454389591000	0.008964844048
-1.000000000000	0.006184605882
-1.000000000000	0.021957203750
-1.000000000000	0.030828118320
-1.000000000000	0.009034945630
-1.000000000000	0.007750596851
5.976788807000	0.007986825891
6.287980058000	0.012686665170
7.749279223000	1.000000000000
9.370768758000	0.280069440600
-1.000000000000	0.001503418433
6.317470845000	0.004134490155
-1.000000000000	0.006478544790
-1.000000000000	0.003389132908
-1.000000000000	0.002778063994
-1.000000000000	0.002639519982
-1.000000000000	0.003301156219
8.680022671000	0.004917647690
7.440724391000	0.821204602700
8.995772415000	0.736761033500
9.445321055000	0.026616886260
8.263375905000	0.003518127138
6.709067354000	0.001668248093
-1.000000000000	0.021733108910
5.560470770000	0.002224173630
-1.000000000000	0.005300479010
8.191390756000	0.005414897576
8.812212597000	0.004608588759
8.808885211000	0.004810603801
8.571143398000	0.021211439740
-1.000000000000	0.140818908800
7.873260123000	0.058836251500
-1.000000000000	0.013232210650
-1.000000000000	0.006277562119
6.745346515000	0.006841443945
9.007763812000	0.007551244926
7.734953881000	0.535462677500
6.260410207000	0.468652367600
-1.000000000000	0.000940710306
-1.000000000000	0.001429359545
-1.000000000000	0.006434600800
-1.000000000000	0.004616672173
8.404180246000	0.015050854530
8.784852231000	0.026460655030
-1.000000000000	0.001619338407
-1.000000000000	0.001991449855
-1.000000000000	0.192827075700
-1.000000000000	0.209686562400
-1.000000000000	0.683845341200
9.294925301000	1.000000000000
8.105820929000	0.004808829166
9.150214611000	0.005367391743
8.834551497000	0.013034446160
8.678452862000	0.004702887032
8.788517011000	0.484967976800
8.744837230000	0.176236137700
8.450414710000	0.008111577481
8.700049827000	0.007161568385
8.120796289000	0.008636800572
7.321090059000	0.008040155284
8.131923629000	0.016813339670
8.226886802000	0.028634568680
7.436133555000	0.008011804894
4.351152008000	0.009941034950
7.567153994000	0.000361568265
-1.000000000000	0.001786653069
4.424770994000	0.003970726393
-1.000000000000	0.005217958707
9.213809529000	0.018436025830
-1.000000000000	0.023363919930
-1.000000000000	0.003384351963
-1.000000000000	0.011829390190
3.235588533000	0.029473280530
8.762014907000	0.038647960870
-1.000000000000	0.080701097850
-1.000000000000	0.152315631500
8.561379142000	0.007136604749
8.581539625000	0.008213201538
-1.000000000000	0.002987567801
-1.000000000000	0.010298975740
-1.000000000000	0.005169039126
7.145462018000	0.021009473130
7.517150116000	0.040580514820
9.160720899000	0.009457370266
7.187577520000	0.002345371060
5.809518249000	0.003112402279
7.138234489000	0.002267708071
-1.000000000000	0.001514761127
-1.000000000000	0.006171023473
-1.000000000000	0.004795631859
-1.000000000000	0.001384744421
6.620532499000	0.003224855755
7.653528138000	0.002093382180
9.433765102000	0.008317534812
-1.000000000000	0.006107850000
-1.000000000000	0.010298975740
-1.000000000000	0.001407059724
-1.000000000000	0.002095029922
6.495020816000	0.024610787630
9.332740147000	0.010477688160
9.232070913000	1.000000000000
9.430217220000	1.000000000000
9.108189792000	0.016989806670
7.560228697000	0.009919141419
9.056534597000	0.017646966500
6.975495769000	0.024558002130
7.268511561000	0.010233589450
8.725680842000	0.012360009360
-1.000000000000	0.004808985628
8.043254685000	0.005571363959
-1.000000000000	0.002265397692
-1.000000000000	0.001285344246
7.145462018000	0.021009473130
-1.000000000000	0.020191868770
8.795227921000	0.007741842419
8.058907529000	0.012246699070
4.265722458000	0.001397952787
-1.000000000000	0.001013857313
-1.000000000000	1.000000000000
-1.000000000000	0.485570550000
7.920167631000	0.007091423031
6.036935595000	0.006453458220
-1.000000000000	0.004639235791
-1.000000000000	0.003251301823
6.615190712000	0.017979929220
8.432575244000	0.012578658760
5.287186996000	0.003029814223
-1.000000000000	0.003804310458
-1.000000000000	0.002426774474
-1.000000000000	0.001192653668
-1.000000000000	0.002743656049
7.399799009000	0.002433461603
-1.000000000000	0.155369043400
4.304732580000	0.273893833200
8.058416373000	0.007697635796
7.294992331000	0.002785285702
5.335541064000	0.010053207170
5.933998348000	0.015649991110
7.350289802000	0.000091109810
9.648440345000	0.000094000803
6.748902624000	0.028307298200
-1.000000000000	0.031820502130
8.400210689000	0.018108326940
-1.000000000000	0.014453418550
7.219137786000	0.013118734580
6.873545611000	0.010181032120
9.001312530000	0.013676107860
8.368413725000	0.005443282425
9.652347145000	0.093878753480
9.657276239000	0.083639711140
-1.000000000000	0.018326468770
5.525968655000	0.018520560120
7.131360565000	0.001641118783
-1.000000000000	0.001429857686
-1.000000000000	0.006468508858
-1.000000000000	0.008417473175
9.007421177000	0.008468101732
-1.000000000000	0.008096499369
-1.000000000000	0.027728298680
-1.000000000000	0.020416742190
-1.000000000000	0.006280818023
6.029299548000	0.024268280710
-1.000000000000	0.007694498636
9.256043673000	0.004963783082
-1.000000000000	0.012156847860
-1.000000000000	0.022967064750
-1.000000000000	0.004768532701
-1.000000000000	0.010522358120
-1.000000000000	0.001254651928
-1.000000000000	0.002749180188
-1.000000000000	0.005598725285
-1.000000000000	0.004290957004
9.482489354000	0.001338147791
9.196717740000	0.001384056057
9.132337656000	0.009052096866
9.362584216000	0.006376252044
7.285318515000	0.004275484942
7.495228959000	0.004934628960
-1.000000000000	0.181705385400
-1.000000000000	0.186601072500
7.449230372000	0.003698601620
6.290556879000	0.002993860980
-1.000000000000	0.003701717826
8.101152914000	0.002349985531
7.129020427000	0.004658429883
7.788107730000	0.004931211937
9.397174678000	0.011467239820
7.394004236000	0.020852552730
8.940712431000	0.006091210991
8.514472749000	0.009583688341
-1.000000000000	0.159937828800
-1.000000000000	0.115882553200
6.389147627000	0.018133273350
6.438869293000	0.057587578890
6.873545611000	0.010181032120
5.184021411000	0.016035722570
9.064300850000	0.008871730417
9.335812309000	0.003646057099
-1.000000000000	0.009951488115
6.088476089000	0.011816049930
-1.000000000000	0.017707204450
6.963123336000	0.003701503156
5.655082221000	0.012800290250
8.662597052000	0.012606352570
8.614501969000	0.006193157751
-1.000000000000	0.011185751300
-1.000000000000	0.022589415310
-1.000000000000	0.023058312010
8.720862996000	0.007189697586
8.070349008000	0.010984154420
8.724684469000	0.018727468330
6.274596894000	0.013947385360
8.191390756000	0.005414897576
-1.000000000000	0.003547803499
7.812175749000	0.025413565340
7.851529823000	0.023946290840
9.493587280000	0.013812107970
9.480502469000	0.004420446232
6.257126731000	0.010535589420
4.275123924000	0.011309742930
-1.000000000000	0.028691768650
-1.000000000000	0.052022334190
-1.000000000000	0.004352679476
-1.000000000000	0.000906874018
8.851887402000	0.048040136690
6.979094602000	0.031834274530
8.288018412000	0.003057848895
8.958620791000	0.021769562740
-1.000000000000	0.001628947444
7.517183826000	0.007529780734
9.347279007000	0.006925668102
8.675796757000	0.008196342736
-1.000000000000	0.007435827050
6.495020816000	0.011809426360
9.021185134000	0.011119011790
9.204662554000	0.012605475260
-1.000000000000	0.027751639490
-1.000000000000	0.259827137000
-1.000000000000	0.000813755149
-1.000000000000	0.001184383640
-1.000000000000	0.181536972500
-1.000000000000	0.066618926820
-1.000000000000	0.005676466972
7.600483737000	0.011187613010
9.114351078000	0.003351051593
8.808885211000	0.004810603801
-1.000000000000	0.016739644110
6.773595880000	0.014824961310
9.354654599000	0.004973852541
-1.000000000000	0.005069516134
5.937924320000	0.007051126100
-1.000000000000	0.008091039024
8.931017780000	0.005852406844
-1.000000000000	0.006926898379
9.406314808000	0.003648984944
8.945975273000	0.001436051680
6.236745786000	0.000753812725
-1.000000000000	0.000529333076
9.245124623000	0.005407741293
8.606474618000	0.002533431631
9.026029769000	0.005723266397
9.003544913000	0.005542102735
6.463164812000	0.002803748241
7.011076775000	0.008392560296
9.492792363000	0.011142736300
-1.000000000000	0.003464926733
6.560049186000	0.310875773400
-1.000000000000	0.353044182100
8.387057685000	0.314294278600
8.388893313000	0.323202014000
8.598753517000	0.002774712397
8.532139361000	0.002513856161
6.373135276000	0.000570485252
-1.000000000000	0.001410042285
-1.000000000000	0.008589664474
9.340705161000	0.004194644745
6.804100218000	0.013934321700
-1.000000000000	0.013353745450
-1.000000000000	0.011755445040
-1.000000000000	0.016960894690
7.655827821000	0.041878815740
3.445477037000	0.052798565480
-1.000000000000	0.001599032548
6.971809582000	0.002229410224
-1.000000000000	0.007125457749
-1.000000000000	0.010471506040
-1.000000000000	0.019036389890
-1.000000000000	0.011899545790
9.370257700000	0.005241630599
8.773297366000	0.006010994315
6.745906274000	0.004155790899
-1.000000000000	0.000396436983
9.072341723000	0.011240263470
7.298619129000	0.004841279238
5.592601470000	0.005453020334
4.609533483000	0.003731231904
7.967921633000	0.010517574850
-1.000000000000	0.009398654103
-1.000000000000	0.008221154101
-1.000000000000	0.005733735859
-1.000000000000	0.166489154100
-1.000000000000	0.146971106500
-1.000000000000	0.024746924640
-1.000000000000	0.015209241770
8.193314186000	0.167494744100
-1.000000000000	0.156245917100
7.113870339000	0.007442523725
9.317811910000	0.007615126669
-1.000000000000	0.001619338407
-1.000000000000	0.001991449855
7.712157996000	0.006724928506
7.812175749000	0.025413565340
8.466331211000	0.022081691770
7.483366728000	0.014514474200
6.369323501000	0.013682026420
7.645322523000	0.013111249540
9.020534828000	0.008172289468
8.891674285000	0.013110514730
-1.000000000000	0.198736369600
6.033741080000	0.276988267900
9.224027909000	0.009380671196
7.254623598000	0.014285199340
6.549059522000	0.004923013505
9.261937904000	0.004695064854
-1.000000000000	0.001585612888
-1.000000000000	0.001434726291
5.484363755000	0.008611701429
-1.000000000000	0.010340016340
4.488394747000	0.000994576258
5.954377383000	0.001436400460
7.264419186000	0.087292313580
8.269917516000	0.091929197310
-1.000000000000	0.007240172476
-1.000000000000	0.007990892977
9.489338304000	0.190129235400
8.623515555000	0.231971263900
7.355667784000	0.007197552361
7.412337321000	0.011986110360
8.834551497000	0.010099009610
7.825395323000	0.008959824219
9.317862551000	0.023498114200
7.623880557000	0.013233039530
7.124542403000	0.008139722981
4.126396714000	0.001989387674
9.101732500000	0.481363683900
9.321803500000	0.465089678800
-1.000000000000	0.002932267031
-1.000000000000	0.001863409299
8.556701362000	0.006911961827
9.108189792000	0.008521803655
6.601778964000	0.141254082300
4.291588298000	0.285075992300
-1.000000000000	0.004530584440
-1.000000000000	0.000539332686
-1.000000000000	0.010979371150
9.120724261000	0.016376338900
-1.000000000000	0.002113577444
-1.000000000000	0.004090797156
5.287186996000	0.003029814223
-1.000000000000	0.003804310458
-1.000000000000	0.001024689642
-1.000000000000	0.002052345779
-1.000000000000	0.004456952214
-1.000000000000	0.000971608271
7.880062726000	0.014311179520
-1.000000000000	0.013987942600
7.457994714000	0.024918342010
-1.000000000000	0.023430706930
-1.000000000000	0.016451803970
-1.000000000000	0.106609083700
-1.000000000000	0.004442092963
8.337743562000	0.004344219808
9.188059556000	0.003638024209
7.978991137000	0.002942866879
-1.000000000000	0.015171437520
7.072100232000	0.007237322628
7.592335739000	0.006995308679
8.561379142000	0.007136604749
-1.000000000000	0.020493023100
9.103739040000	0.003192314180
-1.000000000000	0.084232591090
-1.000000000000	0.107924886000
-1.000000000000	0.121319547300
6.829617667000	0.382859349300
8.714391789000	0.037715494630
9.006167172000	0.142748564500
-1.000000000000	0.003450992983
7.862927764000	0.006419747137
-1.000000000000	0.014655902050
-1.000000000000	0.007281080354
-1.000000000000	0.001013857313
9.231739785000	0.000619292201
7.402475624000	0.019145106900
8.714421680000	0.002510836348
8.650415842000	0.024086080490
9.236014994000	0.008683819324
-1.000000000000	0.004882606678
-1.000000000000	0.004013813101
9.638238714000	0.003385776654
-1.000000000000	0.014131054280
8.891130255000	0.008539479226
9.083395571000	0.008804081008
-1.000000000000	0.004548285156
8.695481847000	0.005167772528
7.813492786000	0.006416412070
8.535485565000	0.003865620121
8.774929820000	0.014177082110
8.456127454000	0.021075796340
7.669034358000	0.007898131385
8.899310613000	0.005706261378
8.528489102000	0.001694204868
5.374361436000	0.001024434343
9.282365304000	0.036563325670
9.245859463000	0.262072414200
9.330662688000	0.017875326800
8.423227702000	0.009386509657
-1.000000000000	0.052739836280
-1.000000000000	0.001582040335
8.123205354000	0.002885417780
7.047145135000	0.005696296226
-1.000000000000	0.003350097453
-1.000000000000	0.004554333165
-1.000000000000	0.002256807871
-1.000000000000	0.004402969033
-1.000000000000	0.353044182100
-1.000000000000	0.056677192450
9.372741524000	0.024305934090
9.279725216000	0.013983386570
8.516959411000	0.171836763600
-1.000000000000	0.120488867200
9.011040184000	0.006141243502
7.430459808000	0.009553616866
7.955940983000	0.014795712200
9.017368984000	0.022427456450
5.933639167000	0.004232538398
5.368314471000	0.004609852098
9.484262536000	0.004575385712
7.553980407000	0.001380430418
7.223455737000	0.002014364116
7.012120284000	0.015071072620
-1.000000000000	0.003664905438
-1.000000000000	0.005747401156
6.402757093000	0.010490247050
-1.000000000000	0.015492775480
8.344387967000	0.000537809799
-1.000000000000	0.003292839509
-1.000000000000	0.002534362953
-1.000000000000	0.004824723583
8.868421800000	0.021485611800
-1.000000000000	0.009419074282
9.204662554000	0.017756728460
9.021185134000	0.014486542900
8.640366107000	0.142717614800
7.888594633000	0.158532649300
5.809518249000	0.003112402279
9.070318151000	0.002442765515
9.505479535000	0.015236723240
9.458600279000	0.015973996370
6.630985499000	0.003695458407
-1.000000000000	0.001503624371
-1.000000000000	0.025097122420
-1.000000000000	0.009049053304
7.525488531000	0.027404280380
8.346877393000	0.023130031300
7.821278436000	0.000385925232
6.943681922000	0.001071294188
-1.000000000000	0.021144911650
-1.000000000000	0.026147253810
-1.000000000000	0.004678171594
7.559068263000	0.002380381105
8.438796717000	0.158661022800
9.430217220000	1.000000000000
5.795632052000	0.017443988470
7.293503529000	0.002804467920
-1.000000000000	0.010561353530
8.466331211000	0.006040232722
7.500358308000	0.012269549070
6.421241738000	0.009381234646
-1.000000000000	0.011954238640
-1.000000000000	0.015292025170
9.147751732000	0.000296193437
9.234658291000	0.000245016359
-1.000000000000	0.007222793996
-1.000000000000	0.006205256563
7.028475441000	0.016471453010
4.260380013000	0.023362919690
8.897483844000	0.008709486574
9.331257212000	0.006681487896
-1.000000000000	0.014655902050
-1.000000000000	0.007281080354
-1.000000000000	0.001488754409
-1.000000000000	0.002566865413
-1.000000000000	0.002001200337
-1.000000000000	0.004359013401
6.029299548000	0.024268280710
8.788502812000	0.054630782460
8.996786605000	0.012713062580
9.624087009000	0.011130575090
-1.000000000000	0.073821067810
-1.000000000000	0.054512161760
8.312178977000	0.057850901040
-1.000000000000	0.017339777200
-1.000000000000	0.003585138591
-1.000000000000	0.004979998805
6.642595573000	0.017056807880
-1.000000000000	0.028230194000
9.420555159000	0.011535032650
9.443175196000	0.008935498074
-1.000000000000	0.159381791900
6.653035320000	0.639263808700
-1.000000000000	0.005471358076
8.455396284000	0.001197786420
-1.000000000000	0.000940710306
-1.000000000000	0.004746465012
-1.000000000000	0.069959811870
-1.000000000000	0.117925249000
9.488139244000	0.020119080320
-1.000000000000	0.017980219800
9.045055888000	0.009924730286
7.558431215000	0.003907089587
-1.000000000000	0.001325376914
-1.000000000000	0.001736935345
8.912476125000	0.003006150480
8.058907529000	0.000991340959
7.940834203000	0.005125547759
-1.000000000000	0.005841149017
-1.000000000000	0.009529554285
5.726562201000	0.002851746976
7.627275077000	0.004914379679
6.794418767000	0.004238367081
6.243875867000	0.028611248360
-1.000000000000	0.016922067850
-1.000000000000	0.014655902050
-1.000000000000	0.007281080354
8.727412411000	0.005698566791
9.130240710000	0.000624357082
-1.000000000000	0.003996163141
-1.000000000000	0.001201379462
-1.000000000000	0.001268901979
-1.000000000000	0.002075547120
-1.000000000000	0.006696495693
-1.000000000000	0.005924043246
9.210934604000	0.007948599756
7.702562310000	0.008673223667
9.095216621000	0.389710992600
8.938774060000	0.393545150800
9.095216621000	0.389710992600
8.938774060000	0.393545150800
-1.000000000000	0.003274590243
8.424404755000	0.019395830110
6.932727727000	0.004992921371
7.368899426000	0.001356440713
-1.000000000000	1.000000000000
-1.000000000000	0.485570550000
-1.000000000000	0.061404820530
-1.000000000000	0.061081793160
-1.000000000000	0.001146847149
-1.000000000000	0.001997216372
-1.000000000000	0.003056959016
-1.000000000000	0.002103381557
7.409508068000	0.001254698727
-1.000000000000	0.002872341312
-1.000000000000	0.006794882938
7.156854565000	0.014486079100
7.027559711000	0.027200445530
7.232063470000	0.034726165240
8.817072504000	0.022806033490
9.605685060000	0.051961775870
-1.000000000000	0.003502132138
-1.000000000000	0.010333432820
-1.000000000000	0.002487420570
-1.000000000000	0.003407251323
-1.000000000000	0.010452792980
8.316296191000	0.003598399227
8.931032144000	0.013188156300
8.432575244000	0.012578658760
7.375508298000	0.008894980885
7.865989905000	0.002897862578
8.283206465000	0.024126833300
7.133071262000	0.003093546256
9.375167048000	0.004518398084
7.790538755000	0.008915661834
-1.000000000000	0.026526199650
6.766838969000	0.022392718120
-1.000000000000	0.001330732950
-1.000000000000	0.002872779267
8.773453225000	0.018713308500
9.639386851000	0.006916100159
8.193261504000	0.007362821605
6.932727727000	0.004992921371
9.180059484000	0.032554768030
-1.000000000000	0.032209597530
6.829586883000	0.024065293370
6.906126124000	0.008253782056
8.204284613000	0.001390226884
8.101152914000	0.002349985531
-1.000000000000	0.006554606371
8.693303204000	0.014906374740
-1.000000000000	0.025143664330
7.023635396000	0.033769153060
-1.000000000000	0.043820645660
-1.000000000000	0.030823966490
-1.000000000000	0.001958192326
-1.000000000000	0.001336784102
9.216878571000	0.027179129420
5.886585463000	0.020617574450
3.674796423000	0.007212176453
7.260049479000	0.006884873845
-1.000000000000	0.010471506040
3.845861186000	0.006431604270
-1.000000000000	0.011458662340
8.215734972000	0.010304628870
7.349630315000	0.045556966220
-1.000000000000	0.006900672335
-1.000000000000	0.002113577444
-1.000000000000	0.004129844252
-1.000000000000	0.004452761728
7.092277615000	0.003130045952
8.868952916000	0.023718118670
7.955804720000	0.035058829930
-1.000000000000	0.000317109167
7.350809666000	0.002554621082
-1.000000000000	0.027470391240
-1.000000000000	0.033292315900
8.338884700000	0.005482104141
7.266408016000	0.003550631460
-1.000000000000	0.016752053050
-1.000000000000	0.010946600700
-1.000000000000	0.025467533620
-1.000000000000	0.001305237529
-1.000000000000	0.010190321130
9.385986952000	0.017477884890
8.343972237000	0.002044698689
-1.000000000000	0.003097060369
6.874860327000	0.003573805327
-1.000000000000	0.005406578537
9.388734652000	0.024552673100
9.253390125000	0.011010246350
-1.000000000000	0.482977181700
-1.000000000000	0.485138595100
9.282049019000	0.022913619880
9.442052274000	0.004137409851
-1.000000000000	0.003904699814
9.063075979000	0.007520005107
-1.000000000000	0.003996858839
-1.000000000000	0.005689426325
-1.000000000000	0.005857788026
-1.000000000000	0.004305945709
-1.000000000000	0.003292839509
6.753163293000	0.002579189371
8.696586163000	0.002301206812
9.367523047000	0.002531365491
-1.000000000000	0.010020982470
8.400210689000	0.017248598860
-1.000000000000	0.063253916800
-1.000000000000	0.042386431250
6.941138415000	0.010163294150
-1.000000000000	0.001065941178
8.275170109000	0.013974130150
9.432074869000	0.017025543380
-1.000000000000	0.003857525764
-1.000000000000	0.004946665373
6.935531577000	0.001840716926
-1.000000000000	0.003336205613
-1.000000000000	0.005309765227
7.409222040000	0.003942111973
8.142252256000	0.014572717250
9.443686664000	0.013524586330
-1.000000000000	0.003405640367
7.060920862000	0.001455472549
8.714391789000	0.037715494630
-1.000000000000	0.124680556400
-1.000000000000	0.001686915639
-1.000000000000	0.003016134026
9.003170977000	0.004640442785
-1.000000000000	0.004487628117
8.857697439000	0.022269407290
7.942651402000	0.001944695483
-1.000000000000	0.026972504330
-1.000000000000	0.025581726800
5.809518249000	0.003112402279
9.070318151000	0.002442765515
-1.000000000000	0.011399071660
-1.000000000000	0.004577532411
-1.000000000000	0.005921495147
-1.000000000000	0.007763377856
-1.000000000000	0.004358191974
-1.000000000000	0.004348022863
9.201749326000	0.004050910473
8.162778885000	0.004310419317
7.580693442000	0.018525185060
6.274596894000	0.015888435770
-1.000000000000	0.019297750670
-1.000000000000	0.023492850360
9.454389591000	0.008964844048
-1.000000000000	0.006184605882
-1.000000000000	0.019343571740
-1.000000000000	0.004155382980
-1.000000000000	0.000702970312
9.254886053000	0.004165385850
-1.000000000000	0.003856707597
-1.000000000000	0.001735160709
8.123369171000	0.013749740090
9.675349582000	0.017535172400
-1.000000000000	0.009509009309
-1.000000000000	0.008602092974
8.773453225000	0.018713308500
9.268629485000	0.018060086300
8.271798758000	0.004480641335
6.963387435000	0.008805824444
-1.000000000000	0.000995329116
-1.000000000000	0.001466229791
8.542680993000	0.078372731800
7.915246409000	0.613591194200
5.624105581000	0.013111437670
6.748902624000	0.013952778650
4.501028517000	0.001975907246
9.069572058000	0.003252208699
-1.000000000000	0.004486166872
-1.000000000000	0.004853820894
3.538442807000	0.005770468153
8.295032259000	0.013321802020
7.238968959000	0.049068097030
7.490804705000	0.045791201290
-1.000000000000	0.026526199650
8.424404755000	0.019395830110
-1.000000000000	0.003024153877
-1.000000000000	0.013851347380
8.772935244000	0.012359278280
-1.000000000000	0.005385712255
8.973927093000	0.005869325716
7.821192019000	0.006345585454
-1.000000000000	0.016802353780
-1.000000000000	0.004955304787
-1.000000000000	0.002801396186
8.041431775000	0.001957210246
9.114922313000	0.009566516615
-1.000000000000	0.031425483520
-1.000000000000	0.002113577444
-1.000000000000	0.004090797156
-1.000000000000	0.009951488115
6.088476089000	0.011816049930
7.775251632000	0.010391335930
8.052238554000	0.015687856820
-1.000000000000	0.005948369857
-1.000000000000	0.006049114745
9.176126075000	0.001594092813
7.938707626000	0.001356554567
-1.000000000000	0.005612432957
-1.000000000000	0.005939293653
-1.000000000000	0.017433183270
-1.000000000000	0.008155355230
7.464459086000	0.000524706615
9.459151872000	0.001101106755
9.086980123000	0.008629854769
8.972142916000	0.004403136205
5.484751690000	0.002336507663
5.659867983000	0.016209408640
4.125475809000	0.005080760922
-1.000000000000	0.010681260380
-1.000000000000	0.047986235470
-1.000000000000	0.032637633380
8.402884714000	0.005568257999
9.031721487000	0.008823921904
9.491903238000	0.263510584800
9.495506372000	0.186979040500
-1.000000000000	0.047633547340
-1.000000000000	0.120077170400
7.584748634000	0.131609097100
-1.000000000000	0.034671798350
-1.000000000000	0.001026548911
-1.000000000000	0.002506727586
5.141953448000	0.016905639320
7.351101779000	0.054853264240
-1.000000000000	0.001200147672
9.478231895000	0.002073633019
6.963043980000	0.006535165012
8.714421680000	0.002510836348
4.935077219000	0.015553400850
8.640472750000	0.017736103390
-1.000000000000	0.019165758040
-1.000000000000	0.004232566804
9.386068261000	0.659494698000
8.832587828000	0.688559711000
8.662597052000	0.107187844800
8.627298755000	0.111862219900
8.594163419000	0.011989741590
-1.000000000000	0.010356309820
9.449358301000	0.008524280041
9.318284265000	0.011104003530
8.458502941000	0.011362201530
-1.000000000000	0.018922403450
-1.000000000000	0.001142311259
-1.000000000000	0.001806515036
8.710929475000	0.012532050720
9.011896540000	0.013524577020
6.896138066000	0.014191661960
8.899310613000	0.013911235150
9.053903169000	0.006194318645
7.710353388000	0.003496556543
6.536189152000	0.000376033160
-1.000000000000	0.003110818565
9.430217220000	1.000000000000
8.226925613000	0.358317434800
7.268511561000	0.010233589450
9.113284602000	0.014019128870
-1.000000000000	0.003945881035
3.206818812000	0.002869034419
9.114999634000	0.001567254425
9.304564379000	0.004318951629
8.484596603000	1.000000000000
8.985417113000	1.000000000000
-1.000000000000	0.015772236510
-1.000000000000	0.002876110841
6.986368790000	0.000000000000
-1.000000000000	0.007444331888
9.112118499000	0.073558002710
9.613571610000	0.616412341600
8.397794823000	0.010783702140
6.251551754000	0.004302164540
8.556701362000	0.006911961827
9.108189792000	0.008521803655
8.964294608000	0.053350485860
-1.000000000000	0.041983108970
7.731111785000	0.009292335249
-1.000000000000	0.007015616633
8.194613126000	0.005692877807
6.501558028000	0.004549254663
3.090112084000	0.002175187692
5.335785711000	0.001366239274
9.143142220000	0.441040188100
-1.000000000000	0.172363415400
-1.000000000000	0.005808603484
-1.000000000000	0.003494539764