8.155193454411
-0.999517227581
-0.924291133880
9.129897261970
7.395187281220
-0.993099327665
7.077680824161
-0.995916846208
-0.997519139899
-0.997829468688
8.959719967300
-0.352824389900
7.187973973560
8.697537177887
8.632668131070
-0.989768132570
3.052678496990
6.148920621960
-0.995902622584
-0.999095304520
8.298997160460
6.075404528205
9.231655319580
-0.948208738120
-0.996515032137
5.036431199962
-0.998465424520
-0.994011810515
-0.990316434763
-0.984301850200
6.267662320420
-0.978642042730
9.102872402603
-0.988742416720
8.221170567443
5.857359262689
-0.995846409351
-0.994969832711
9.157941704400
-0.974853843450
8.688537675907
9.404737339145
9.141389752866
9.368960468044
8.455707664855
9.387242383952
-0.994971295353
9.224388458374
7.382900439271
7.266934352845
-0.985290246080
-0.994682204910
7.779320013072
6.933282684591
7.890947317200
7.594721964910
-0.985764033160
-0.987212802280
8.139002155400
10.026570611900
8.989111723710
6.973921507780
8.445553222980
9.283321819690
7.837589314340
7.875476113840
8.532417801700
8.999179165900
-0.991903500631
-0.990741764195
8.308354061020
-0.991297060624
5.492975456429
-0.989659983660
-0.999196643126
7.492692743280
7.496220893560
6.088908900670
9.190015207400
9.496887752200
9.391332615987
9.121421263448
8.820329456393
8.606531585879
-0.997221936006
-0.997360480018
9.074923592414
9.576306311940
0.000000000000
0.000000000000
-0.914998710160
7.516473456200
-0.998615255579
6.623757354755
8.626911715651
8.289492718833
9.507399387970
9.484922915232
8.584674600226
9.010169033250
-0.994595108554
7.174159137472
8.795208407182
-0.996844835114
5.695225714976
3.952844761702
8.068574815360
7.434742727050
-0.994387567043
-0.994060706347
7.857078121040
-0.966999396680
-0.994486481417
-0.993715346791
-0.362432420300
-0.658599555500
9.678432461500
9.702175813500
9.492485227083
-0.997602342628
6.876655512870
8.366088370510
-0.995926382020
6.301538736792
7.578486596596
6.467013712946
9.634163115000
8.465891178000
8.659102680950
8.750599125278
6.863354326630
-0.984489627180
7.932933746511
6.195494486483
7.039158911506
8.216557453830
8.566085443570
9.505905462240
5.513147404461
8.884736732370
-0.998517432250
-0.997407390736
9.332319210800
9.423427858600
5.787464884879
-0.994369342923
9.293131652619
8.859507021615
6.477582755013
-0.999095304520
-0.827556699500
-0.954305820170
8.485317082877
-0.996650812682
7.326620928300
4.760679381460
7.578966709742
-0.973523259160
8.957724246200
8.410673385660
8.799423166390
-0.982811937110
-0.990401760675
-0.989009361710
-0.349310457700
0.000000000000
7.410743956310
7.540172414550
-0.908260062340
-0.947253435850
8.009260704068
9.205395953650
7.419213807800
-0.989395476880
-0.997135132086
-0.997976394370
-0.990995644592
-0.997770216782
6.200860579480
8.588755136100
-0.915810175240
-0.902618989350
8.560083767730
7.152311293740
9.323711702071
-0.982872121040
-0.998329812894
-0.998659774777
9.076675142900
8.118283042200
7.335283320390
-0.981576666240
9.117702129593
9.383396617940
-0.995439056307
-0.990776047111
-0.995242677629
5.027653839275
-0.963698022070
8.716312604450
7.731323299740
-0.976634800430
-0.519567847300
0.000000000000
-0.993249101099
6.978099822926
-0.975324017930
-0.927123807370
8.204427257380
-0.984275417400
-0.988914653660
-0.990571659990
9.015445950770
8.652730123466
7.155271258250
9.341360665200
-0.999649573030
-0.999997275071
-0.994255788624
-0.994158850983
6.957545552346
-0.995711986441
9.105287674050
-0.964384868740
6.569566925580
6.280797260327
9.344000517900
8.790494786470
8.919790710440
9.031919058080
4.396499682942
-0.993528444320
9.434613158600
6.710410796930
-0.999259936390
-0.999127427523
-0.995557660703
-0.995645080227
9.343347290690
7.934485088670
-0.983350280670
-0.980834241960
8.600110822606
9.079075515207
9.314605507600
9.770736182900
-0.995439056307
-0.990776047111
8.307333298300
7.136164808256
9.230708118660
7.567662756360
9.489076353379
9.473385018540
-0.996037974954
-0.995231467299
9.169446885781
-0.995652198326
-0.984700609930
4.496448377810
-0.633660912500
9.996786605000
-0.992195402272
3.139301333127
6.922455299765
7.352994802631
8.396166720420
5.219756970338
-0.990896402858
8.723663799579
-0.999364099756
9.777121390432
-0.993697331753
-0.991181819700
-0.937987416980
-0.942186534400
5.971505139002
7.767010179288
8.572610491750
8.903845501200
-0.965179774910
9.446658126444
-0.952366452660
-0.879922829600
8.119255006100
-0.963433336470
8.230677493270
8.532107458750
8.702345387141
8.506720716871
6.510411096522
-0.999789868685
7.409142446440
-0.994751252700
-0.984880653210
9.037419353440
5.261762709048
4.685483103480
8.453154604430
-0.994758825283
-0.818463027500
-0.897542990700
5.944975446100
-0.991908960976
-0.999069888378
-0.995542057324
6.544579553930
8.868824802351
-0.821146071000
-0.850433319800
-0.989822168830
9.362011884460
9.488837921712
7.555360837418
-0.963944476100
-0.966201581060
9.112437513438
6.511615189568
9.117091845193
8.506725019445
9.131616618220
7.682314095670
-0.995563555509
-0.988784879450
-0.990536007099
-0.995180471800
-0.998474110384
-0.998562347842
-0.977410584690
-0.968295048920
-0.995814791881
-0.985920261590
9.283891659367
8.640135530971
-0.978828798980
9.126858514840
-0.994874963537
-0.996589781251
-0.995756822173
-0.993102994747
7.905069003100
9.425496110800
-0.996716541937
-0.995993029792
9.017317974000
9.357981721000
4.862267590870
7.532991236080
8.079355089572
8.024907179160
-0.921097807590
8.087914771070
-0.998592940276
-0.997904970078
-0.995666464791
8.293732236376
-0.996200613910
-0.997879331466
8.646149924100
-0.944542340930
7.350380911810
9.648534345803
9.572941508320
8.499819785740
-0.979506976900
9.106931354180
8.891622532414
9.258627617410
6.520906708000
8.771795704800
-0.965410452340
9.196397830170
9.467723920935
8.896627442773
-0.995272103697
7.418152532797
-0.982474559920
-0.986863079480
-0.999299034011
7.438410804318
-0.995227209758
-0.998209901154
7.647022533450
6.900768976580
9.199090962810
9.166547080760
8.820664644594
-0.987212802280
-0.993996341247
9.028336163720
-0.964722175150
7.810630154590
-0.995712431148
-0.995711986441
7.574387908630
7.987945537210
7.283291879935
9.029821205270
4.100605316503
7.547460940734
9.381304938748
8.969912261617
-0.997504696483
-0.998044103384
-0.997648533201
9.447826149300
-0.996905023931
-0.998047959991
-0.987547573630
-0.991071997210
-0.998747787322
6.989302635570
4.919785821370
6.971130731512
9.984517944900
9.650838198600
8.997603334820
-0.995929101016
-0.963814120740
-0.990777386352
-0.933011323210
-0.921890705820
-0.984880653210
9.037419353440
8.175367000750
-0.979832293470
-0.994633316528
-0.998122509685
-0.752865627400
-0.463924229100
7.324856380586
7.539521250531
-0.932363353670
-0.942525547000
7.051901447355
-0.993508974556
-0.964056078340
-0.977697137740
-0.959900368010
-0.970142493020
-0.799576759300
-0.913489766420
-0.904323868450
8.586041521400
-0.997171491152
-0.998647850705
7.570147838419
-0.988789277150
8.452058772866
8.474903810195
7.980034522719
7.835683692210
9.867552811500
8.775734592350
9.972456849000
9.484596603000
10.240725092000
9.635162132000
-0.990650866181
-0.993663694244
-0.970599001270
9.676801865230
-0.771553248200
-0.729567676800
8.572610491750
8.903845501200
-0.996686672093
-0.988274921660
9.164800088490
7.666222171851
7.762372859500
-0.460631430100
4.807709159353
-0.995708249509
8.360808930100
-0.843754082900
9.192608660758
8.962898835100
7.632949822640
7.955881416890
-0.973777988930
-0.974569564690
-0.998140102718
-0.998142250581
7.020828689860
9.316616513194
6.516492658830
4.530542835870
-0.980802061040
-0.981217646970
-0.936216123400
-0.977411590520
-0.996414861409
-0.995020001195
6.501881123481
7.829902988541
-0.986221892760
-0.966679766770
-0.997458068654
8.064819297263
-0.815234124700
-0.772465229000
9.267153986130
8.567892332844
-0.993521455210
-0.996610867092
9.455390750217
8.891738535885
9.415494904400
-0.541773468300
-0.982342015950
9.215750336710
9.309543690530
9.503163562730
8.066587440438
-0.992343591526
-0.994368160143
3.675085962009
7.041343298893
8.009033103650
8.770714730600
7.772592112220
-0.996001002379
-0.993985656183
8.445553222980
9.456951426300
7.133678856883
7.808964334978
9.335950697000
10.295719411800
9.470942819360
8.645309774440
9.867552811500
8.775734592350
-0.818463027500
-0.933381073180
7.122766412890
9.705340015500
-0.985425420110
7.596706967240
9.434120417250
-0.974839428440
-0.999246301537
8.205733867100
-0.997026811121
-0.995967347641
6.618698589340
8.515671685052
7.361628638908
7.936949199155
4.361093042950
-0.987528856840
-0.993498637807
7.970773748300
8.385401196629
8.986608833430
9.452738359140
6.304086176564
-0.997779707424
-0.996304747881
6.572451191754
7.076456913210
-0.995846409351
-0.994969832711
-0.973027495670
-0.974418273200
-0.990747570060
4.128386101674
-0.995889879763
8.616180157066
-0.998510913458
8.255930564276
4.286433666930
-0.979220954700
7.316036560940
-0.973669564350
-0.998558704625
-0.996079329401
-0.991424442269
-0.985885118130
7.934485088670
9.291863756670
8.909463852590
8.045539411360
8.798673660300
9.012153157000
9.391766142710
9.435254922109
9.297999958495
9.454725982633
-0.980829246340
-0.992045922205
8.740244793548
7.962009627395
8.626911715651
8.289492718833
7.292488769573
-0.995523253921
8.482782363605
7.647125913418
6.383005527420
7.658433772540
9.387771646149
6.679648834450
6.798741564640
8.088680141200
10.276351619500
10.295719411800
8.579921942077
7.716991924360
7.330196468421
8.698782462173
-0.988679906350
-0.982934435830
-0.374037981000
-0.654069036200
-0.993958782870
-0.996428094804
-0.945398963990
-0.935774512590
8.100806916393
6.088218029744
8.115192013220
-0.985901530830
7.421620730900
6.969579145012
-0.974532466380
-0.998694762471
7.517288212198
7.533065641000
8.672518116723
9.194413976112
9.401940211758
7.361635187997
-0.999044560362
-0.999151018914
8.140843039453
8.185709544989
7.583476761725
6.195471329446
-0.996174385538
8.981851660678
-0.988896353170
-0.998290521675
-0.998804461095
7.965093706130
9.152846470407
6.705263276982
3.613325375065
7.952653374020
-0.996549007017
7.869347511137
-0.955382529650
-0.978797474880
6.287735964584
7.920640999781
-0.997799579520
-0.996665451676
-0.981840537860
-0.984908415940
-0.996859910898
-0.998767509824
-0.972248360510
-0.740172863000
8.950808202674
8.882312036621
-0.998886932153
9.391337795712
7.302140759948
5.524959244482
8.821162331280
-0.995978095569
8.780815177566
7.642892653215
7.402525456234
7.605229182660
7.539843878510
-0.996984805213
-0.941949829460
-0.931522160770
6.756060164958
4.261663042084
5.131031166420
-0.973351087420
8.053618870070
5.907203037450
7.511216469370
-0.992645446677
7.460391101030
-0.964213535190
9.073172580417
7.911209593226
9.145901149590
8.597088129300
8.355536648790
-0.976139286530
5.942065804419
-0.992720907554
5.933599547990
6.051487666221
-0.996052696835
-0.992560050916
7.927046524520
6.820540362571
-0.967871941630
-0.999505745655
6.642864571230
7.715278145680
7.095407660952
-0.997881201794
9.241527056000
-0.984185105190
9.348538014800
8.520107053780
9.485224981337
-0.997298097936
7.871677928000
-0.776987135400
-0.993703522719
-0.990548893809
-0.990033220500
7.876429405759
8.157506842450
-0.997101618676
7.920325783230
-0.993782625534
6.752187958945
9.015315056926
8.726549253500
8.077605912993
-0.999358794128
6.525739716214
-0.799576759300
-0.913489766420
8.536133596937
8.901220575269
9.552737087350
8.614891389850
9.168960295027
7.787772200267
-0.998669579276
-0.990239094943
-0.991005989723
-0.992245795205
7.263423237000
-0.982143703850
9.645561425070
8.551369609390
-0.943754874170
-0.949909020220
-0.994830960874
7.166471491130
8.526402643606
6.202164414463
-0.975324017930
-0.927123807370
7.323994971076
9.564897532280
-0.999050414015
-0.998324299930
-0.996707160491
6.755742482371
-0.981233071540
-0.979782298210
-0.986752515660
7.790033761735
-0.989687309600
6.829247230863
6.801475919096
6.869969793057
9.049656808650
8.613195147030
9.431289851140
9.513147307800
9.010332638584
8.378934236023
-0.994016902521
-0.995745003223
7.271153373298
8.094285638855
-0.997814989649
-0.998593982775
-0.998834948288
-0.995730087627
5.721684258190
9.378812907668
-0.975907891990
9.678902824960
9.052002075820
6.841561234070
6.558995499641
4.817828869250
9.222279540570
9.354161832640
-0.980689816180
8.248472660600
-0.998086291249
-0.997735423967
6.937372293926
-0.996663794387
5.082356784307
-0.992143637501
-0.992168929428
-0.993892150000
-0.997743192129
-0.995597030967
9.502081979050
9.010311487750
9.281417334437
8.782990180671
7.384403278885
7.868887767578
7.273078125140
9.326852399080
-0.981673531230
5.544489215120
-0.996323078638
8.568896458569
8.568515746749
8.589752826538
9.257629072360
9.033815353493
8.205674839884
8.103502899531
-0.908260062340
-0.976338772100
5.372924323098
7.064696256686
8.230677493270
8.532107458750
8.618669353730
7.959286970710
6.306180806605
8.319500819149
8.936870186844
-0.993073101621
6.002688694568
-0.994243729394
-0.589679509400
9.602515862900
6.047531528295
9.549516212310
9.207940428660
6.779845746176
7.180983373920
-0.998162271222
9.396585481020
6.562448181420
-0.996385385981
-0.997435779544
8.688537675907
9.045115190041
7.988425838912
3.294326902497
-0.995020001195
-0.996869521216
-0.997348547913
-0.998487913050
-0.876269638500
-0.977411590520
9.097805494390
8.987265597510
8.831864399470
6.910329727960
6.962278456230
-0.982957171280
-0.992066360079
-0.994395314250
-0.995870324783
9.442302960898
-0.989613706250
-0.991160162725
7.713926570640
7.908573533100
9.588201845590
8.128565817322
-0.999507164117
-0.999348277692
8.785294522280
-0.994614287745
9.625981055800
-0.818052485600
7.887587719917
8.456042621352
5.418919840411
-0.995677702129
-0.972248360510
-0.855711370700
7.484893722060
5.942640070970
9.572941508320
8.499819785740
-0.998701880686
-0.995770414360
-0.997956532519
8.113867811551
9.075842276720
9.690405150490
-0.579093903300
8.357077831900
9.508258324320
-0.987142916770
-0.996568581322
-0.995380376000
5.662013088361
8.076247848974
9.389200990435
5.986383938668
9.326645394489
7.358396827105
-0.948661718520
9.166592193500
-0.988346603700
-0.991583943367
6.927217278357
8.366333826603
9.430737101950
9.494604378958
8.110629758166
9.155582002743
6.355471762540
6.842252042837
8.006601144489
8.251050609586
7.112910222100
-0.979852104560
-0.974824151020
7.375165892240
7.740796423621
8.013124642703
-0.996125434758
-0.997268602252
9.476624027090
8.707774447496
-0.975910656150
-0.968323457990
7.362865336361
7.424323431360
5.270593854700
-0.985122534450
-0.990033220500
7.876429405759
-0.995148739778
-0.992340697907
5.637414713225
8.860174811010
7.775458950750
-0.922454729680
-0.768606230600
-0.892981439800
8.821567343930
-0.966156132520
6.909368104810
6.174305374360
9.259971680710
6.725758772560
-0.996072400827
-0.996403340017
-0.988059205000
-0.980802061040
9.017645093860
-0.958016891030
9.296971381675
-0.998838406173
-0.993996341247
9.028336163720
7.308644225232
-0.992884316016
8.059898869959
9.442082636812
-0.995117393322
-0.995986186899
9.122597220890
8.194997695296
9.499415227220
9.166592193500
-0.997546728468
-0.995980401523
-0.997471645940
-0.997576381080
7.051302506520
8.697729863286
7.752365284932
8.780815177566
-0.988364458080
-0.983874246480
7.157202495841
-0.998944603372
-0.996032944880
-0.997439021477
-0.976153558120
-0.983996460210
-0.993303504307
-0.994075956754
8.825859788700
8.013799265350
-0.924291133880
7.222050933510
7.041343298893
8.009033103650
9.418468946400
-0.843358159100
9.491892624220
9.115328528810
8.489005435700
8.840891886600
-0.996353852795
9.457859211765
8.610344097592
-0.997654021718
8.151779140393
-0.993680511601
9.391332615987
9.121421263448
8.582521689210
8.766647262957
8.950808202674
8.882312036621
8.885459193101
7.031288414970
9.370959735708
-0.992015841417
-0.991226589307
-0.992365265265
-0.989071998750
4.686013086950
7.199779870287
6.569729483023
-0.998899906292
2.577003625100
6.061644947654
-0.994097070768
9.480726030733
7.134542136838
6.597137420910
8.590074101254
8.393681226942
7.395991679587
8.242525782488
9.193365685970
-0.998156809481
8.838121571256
7.875476113840
7.718882924506
6.874225153054
4.433291782513
5.685054334900
6.301538736792
-0.998558952007
8.512643597689
10.326252305000
7.556189302900
9.370054412491
9.362774806604
-0.844630956600
4.578626413200
-0.994772328995
-0.998905554181
9.173409473090
-0.999196643126
8.718874494390
-0.995561799966
6.913856161990
7.931825299160
8.886552446700
-0.766308277800
-0.993026279379
-0.994856423233
8.792166533500
9.646302951159
7.352327147965
7.831726372920
-0.989913644270
-0.993672598153
9.117091845193
8.506725019445
9.428594366806
9.501182308524
9.100128059390
-0.979360343890
-0.988403242080
-0.988669802430
8.563327853310
7.519776556910
-0.818294614600
-0.918683163820
-0.995360764209
-0.996748698177
-0.967658553270
-0.970037417490
6.969584578810
8.064519307300
-0.529731184200
-0.546485722100
-0.998709950713
-0.999013973982
7.886817690680
8.380837408440
8.205733867100
-0.999875975293
6.852073586060
6.130431604291
8.620695126751
-0.988814248700
-0.998003345216
-0.998003345216
8.646149924100
-0.944542340930
9.314605507600
9.770736182900
8.905908379672
8.018878306000
9.285931606771
-0.998563459143
-0.998465424520
-0.994011810515
-0.997055704938
-0.992683923803
-0.999519658682
8.065714238975
7.723963657784
8.552760262180
-0.998417561641
-0.998385877931
-0.878186322700
8.543994007200
5.637414713225
8.860174811010
6.891181124150
-0.957178402690
-0.991330540739
-0.964894767850
-0.986221892760
-0.966679766770
-0.999519621168
-0.999043461983
-0.984551984820
8.556242565880
6.860928805069
7.787772200267
5.541716730020
8.569380357450
-0.982948243620
-0.977987281980
7.556876468896
-0.997145571746
-0.998508039746
6.452819720060
9.501402931980
7.613162758331
6.845286449780
-0.927429467440
-0.991887947544
-0.988114751880
7.020828689860
9.316616513194
-0.908260062340
-0.947253435850
8.324088223006
7.604762346012
-0.997939552413
-0.994724338874
-0.983876001090
-0.983181139450
9.091121007807
7.620453405532
9.463354435048
-0.993815394118
-0.978042796250
-0.969171881680
-0.990965054370
-0.992249403149
5.984775632891
6.300666723170
8.749279223000
9.650838198600
-0.998496581567
6.321605335155
-0.993521455210
-0.996610867092
-0.997221936006
-0.997360480018
-0.996698843781
8.684940318690
8.261928993700
9.732533448500
9.471937941260
8.266894032138
6.710735602093
-0.978266891090
5.562694943630
-0.994699520990
8.196805653576
8.816821185759
8.813695814801
8.592354837740
-0.859181091200
7.932096374500
-0.986767789350
-0.993722437881
6.752187958945
9.015315056926
8.270416558500
6.729062574600
-0.999059289694
-0.998570640455
-0.993565399200
-0.995383327827
8.419231100530
8.811312886030
-0.998380661593
-0.998008550145
-0.807172924300
-0.790313437600
-0.316154658800
10.294925301000
8.110629758166
9.155582002743
8.847585943160
8.683155749032
9.273484987800
8.921073367700
8.458526287481
8.707211395385
8.129433089572
7.329130214284
8.148736968670
8.255521370680
7.444145359894
4.361093042950
7.567515562265
-0.998213346931
4.428741720393
-0.994782041293
9.232245554830
-0.976636080070
-0.996615648037
-0.988170609810
3.265061813530
8.800662867870
-0.919298902150
-0.847684368500
8.568515746749
8.589752826538
-0.997012432199
-0.989701024260
-0.994830960874
7.166471491130
7.557730630820
9.170178269266
7.189922891060
5.812630651279
7.140502197071
-0.998485238873
-0.993828976527
-0.995204368141
-0.998615255579
6.623757354755
7.655621520180
9.442082636812
-0.993892150000
-0.989701024260
-0.998592940276
-0.997904970078
6.519631603630
9.343217835160
10.232070913000
10.430217220000
9.125179598670
7.570147838419
9.074181563500
7.000053771130
7.278745150450
8.738040851360
-0.995191014372
8.048826048959
-0.997734602308
-0.998714655754
7.166471491130
-0.979808131230
8.802969763419
8.071154228070
4.267120410787
-0.998986142687
0.000000000000
-0.514429450000
7.927259054031
6.043389053220
-0.995360764209
-0.996748698177
6.633170641220
8.445153902760
5.290216810223
-0.996195689542
-0.997573225526
-0.998807346332
-0.997256343951
7.402232470603
-0.844630956600
4.578626413200
8.066114008796
7.297777616702
5.345594271170
5.949648339110
7.350380911810
9.648534345803
6.777209922200
-0.968179497870
8.418319015940
-0.985546581450
7.232256520580
6.883726643120
9.014988637860
8.373857007425
9.746225898480
9.740915950140
-0.981673531230
5.544489215120
7.133001683783
-0.998570142314
-0.993531491142
-0.991582526825
9.015889278732
-0.991903500631
-0.972271701320
-0.979583257810
-0.993719181977
6.053567828710
-0.992305501364
9.261007456082
-0.987843152140
-0.977032935250
-0.995231467299
-0.989477641880
-0.998745348072
-0.997250819812
-0.994401274715
-0.995709042996
9.483827501791
9.198101796057
9.141389752866
9.368960468044
7.289593999942
7.500163587960
-0.818294614600
-0.813398927500
7.452928973620
6.293550739980
-0.996298282174
8.103502899531
7.133678856883
7.793038941937
9.408641917820
7.414856788730
8.946803641991
8.524056437341
-0.840062171200
-0.884117446800
6.407280900350
6.496456871890
6.883726643120
5.200057133570
9.073172580417
9.339458366099
-0.990048511885
6.100292138930
-0.982292795550
6.966824839156
5.667882511250
8.675203404570
8.620695126751
-0.988814248700
-0.977410584690
-0.976941687990
8.728052693586
8.081333162420
8.743411937330
6.288544279360
8.196805653576
-0.996452196501
7.837589314340
7.875476113840
9.507399387970
9.484922915232
6.267662320420
4.286433666930
-0.971308231350
-0.947977665810
-0.995647320524
-0.999093125982
8.899927538690
7.010928876530
8.291076260895
8.980390353740
-0.998371052556
7.524713606734
9.354204675102
8.683993099736
-0.992564172950
6.506830242360
9.032304145790
9.217268029260
-0.972248360510
-0.740172863000
-0.999186244851
-0.998815616360
-0.818463027500
-0.933381073180
-0.994323533028
7.611671350010
9.117702129593
8.813695814801
-0.983260355890
6.788420841310
9.359628451541
-0.994930483866
5.944975446100
-0.991908960976
8.936870186844
-0.993073101621
9.409963792944
8.947411324680
6.237499598725
-0.999470666924
9.250532364293
8.609008049631
9.031753035397
9.009087015735
6.465968560241
7.019469335296
9.503935099300
-0.996535073267
6.870924959400
-0.646955817900
8.701351963600
8.712095327000
8.601528229397
8.534653217161
6.373705761252
-0.998589957715
-0.991410335526
9.344899805745
6.818034539700
-0.986646254550
-0.988244554960
-0.983039105310
7.697706636740
3.498275602480
-0.998400967452
6.974038992224
-0.992874542251
-0.989528493960
-0.980963610110
-0.988100454210
9.375499330599
8.779308360315
6.750062064899
-0.999603563017
9.083581986470
7.303460408238
5.598054490334
4.613264714904
7.978439207850
-0.990601345897
-0.991778845899
-0.994266264141
-0.833510845900
-0.853028893500
-0.975253075360
-0.984790758230
8.360808930100
-0.843754082900
7.121312862725
9.325427036669
-0.998380661593
-0.998008550145
7.718882924506
7.837589314340
8.488412902770
7.497881202200
6.383005527420
7.658433772540
9.028707117468
8.904784799730
-0.801263630400
6.310729347900
9.233408580196
7.268908797340
6.553982535505
9.266632968854
-0.998414387112
-0.998565273709
5.492975456429
-0.989659983660
4.489389323258
5.955813783460
7.351711499580
8.361846713310
-0.992759827524
-0.992009107023
9.679467539400
8.855486818900
7.362865336361
7.424323431360
8.844650506610
7.834355147219
9.341360665200
7.637113596530
7.132682125981
4.128386101674
9.583096183900
9.786893178800
-0.997067732969
-0.998136590701
8.563613323827
9.116711595655
6.743033046300
4.576664290300
-0.995469415560
-0.999460667314
-0.989020628850
9.137100599900
-0.997886422556
-0.995909202844
5.290216810223
-0.996195689542
-0.998975310358
-0.997947654221
-0.995543047786
-0.999028391729
7.894373905520
-0.986012057400
7.482913056010
-0.976569293070
-0.983548196030
-0.893390916300
-0.995557907037
8.342087781808
9.191697580209
7.981934003879
-0.984828562480
7.079337554628
7.599331047679
8.568515746749
-0.979506976900
9.106931354180
-0.915767408910
-0.892075114000
-0.878680452700
7.212477016300
8.752107283630
9.148915736500
-0.996549007017
7.869347511137
-0.985344097950
-0.992718919646
-0.998986142687
9.232359077201
7.421620730900
8.716932516348
8.674501922490
9.244698813324
-0.995117393322
-0.995986186899
9.641624490654
-0.985868945720
8.899669734226
9.092199652008
-0.995451714844
8.700649619528
7.819909198070
8.539351185121
8.789106902110
8.477203250340
7.676932489385
8.905016874378
8.530183306868
5.375385870343
9.318928629670
9.507931877200
9.348538014800
8.432614211657
-0.947260163720
-0.998417959665
8.126090771780
7.052841431226
-0.996649902547
-0.995445666835
-0.997743192129
-0.995597030967
-0.646955817900
-0.943322807550
9.397047458090
9.293708602570
8.688796174600
-0.879511132800
9.017181427502
7.440013424866
7.970736695200
9.039796440450
5.937871705398
5.372924323098
9.488837921712
7.555360837418
7.225470101116
7.027191356620
-0.996335094562
-0.994252598844
6.413247340050
-0.984507224520
8.344925776799
-0.996707160491
-0.997465637047
-0.995175276417
8.889907411800
-0.990580925718
9.222419282460
9.035671676900
8.783083721800
8.047127282300
5.812630651279
9.072760916515
9.520716258240
9.474574275370
6.634680957407
-0.998496375629
-0.974902877580
-0.990950946696
7.552892811380
8.370007424300
7.821664361232
6.944753216188
-0.978855088350
-0.973852746190
-0.995321828406
7.561448644105
8.597457739800
10.430217220000
5.813076040470
7.296307996920
-0.989438646470
8.472371443722
7.512627857070
6.430622972646
-0.988045761360
-0.984707974830
9.148047925437
9.234903307359
-0.992777206004
-0.993794743437
7.044946894010
4.283742932690
8.906193330574
9.337938699896
-0.985344097950
-0.992718919646
-0.998511245591
-0.997433134587
-0.997998799663
-0.995640986599
6.053567828710
8.843133594460
9.009499667580
9.635217584090
-0.926178932190
-0.945487838240
8.370029878040
-0.982660222800
-0.996414861409
-0.995020001195
6.659652380880
-0.971769806000
9.432090191650
9.452110694074
-0.840618208100
7.292299128700
-0.994528641924
8.456594070420
-0.999059289694
-0.995253534988
-0.930040188130
-0.882074751000
9.508258324320
-0.982019780200
9.054980618286
7.562338304587
-0.998674623086
-0.998263064655
8.915482275480
8.059898869959
7.945959750759
-0.994158850983
-0.990470445715
5.729413947976
7.632189456679
6.798657134081
6.272487115360
-0.983077932150
-0.985344097950
-0.992718919646
8.733110977791
9.130865067082
-0.996003836859
-0.998798620538
-0.998731098021
-0.997924452880
-0.993303504307
-0.994075956754
9.218883203756
7.711235533667
9.484927613600
9.332319210800
9.484927613600
9.332319210800
-0.996725409757
8.443800585110
6.937720648371
7.370255866713
0.000000000000
-0.514429450000
-0.938595179470
-0.938918206840
-0.998853152851
-0.998002783628
-0.996943040984
-0.997896618443
7.410762766727
-0.997127658688
-0.993205117062
7.171340644100
7.054760156530
7.266789635240
8.839878537490
9.657646835870
-0.996497867862
-0.989666567180
-0.997512579430
-0.996592748677
-0.989547207020
8.319894590227
8.944220300300
8.445153902760
7.384403278885
7.868887767578
8.307333298300
7.136164808256
9.379685446084
7.799454416834
-0.973473800350
6.789231687120
-0.998669267050
-0.997127220733
8.792166533500
9.646302951159
8.200624325605
6.937720648371