,winner,r1,r2,d1,d2,0
0,1.0,-1.0,-1.0,0.01465590205,0.007281080354000001,3
1,0.5,-1.0,-1.0,0.005612432957,0.0059392936529999996,2
2,1.0,-1.0,5.525968655,0.01832646877,0.018520560119999998,2
3,0.0,-1.0,-1.0,0.003585138591,0.004979998805,2
4,0.0,8.193314186,-1.0,0.1674947441,0.15624591710000002,2
5,0.0,9.454389591,-1.0,0.008964844048,0.006184605882,2
6,1.0,8.941849361000001,8.873649661,0.008958841674,0.008662375621,2
7,1.0,-1.0,-1.0,0.2004232407,0.08651023357999998,2
8,1.0,-1.0,-1.0,0.1815369725,0.06661892682,2
9,0.0,6.935531577000001,-1.0,0.001840716926,0.0033362056130000002,2
10,1.0,8.773453225,9.639386851,0.0187133085,0.006916100159,2
11,1.0,-1.0,-1.0,0.02697250433,0.025581726800000003,2
12,1.0,7.350289802000001,9.648440345,9.110981045999999e-05,9.400080307e-05,2
13,1.0,5.809518249,9.070318151,0.003112402279,0.002442765515,2
14,1.0,8.556701362,9.108189792000001,0.006911961827,0.008521803655,2
15,0.0,-1.0,-1.0,0.013778107240000002,0.03332023323,2
16,0.0,5.93792432,-1.0,0.0070511261,0.008091039024,2
17,0.0,-1.0,-1.0,0.024675982069999998,0.07287619262999999,2
18,1.0,8.283206465,7.1330712620000005,0.0241268333,0.0030935462560000002,2
19,0.0,8.614501968999999,-1.0,0.0061931577509999995,0.0111857513,2
20,0.0,-1.0,-1.0,0.04763354734,0.12007717039999999,2
21,1.0,8.140732773,8.45178491,0.08994472027,0.08032254875,2
22,1.0,-1.0,-1.0,0.00647854479,0.0033891329080000003,2
23,0.0,5.484363755,-1.0,0.008611701429,0.01034001634,2
24,0.0,9.113284602,8.503120036,0.0038072431929999997,0.003604983445,2
25,1.0,7.0154792,9.316242492999999,0.005349489860000001,0.0003740201937,2
26,0.0,8.772935244,-1.0,0.01235927828,0.005385712254999999,2
27,0.0,-1.0,6.088476088999999,0.009951488114999999,0.011816049930000001,2
28,1.0,-1.0,-1.0,0.004639235791,0.003251301823,2
29,0.0,8.964294608,-1.0,0.05335048586,0.04198310897,2
30,1.0,7.375508298,7.865989905,0.008894980884999999,0.002897862578,2
31,0.5,-1.0,-1.0,1.0,0.48557055,2
32,1.0,-1.0,-1.0,0.025467533619999996,0.0013052375290000002,2
33,1.0,9.132337656,9.362584216,0.009052096866,0.0063762520440000005,2
34,0.0,-1.0,-1.0,0.001619338407,0.0019914498550000002,2
35,0.0,7.349630315,-1.0,0.045556966219999995,0.006900672335,2
36,0.0,9.558280511,8.484596603,0.014660997319999999,0.01522318274,2
37,0.0,9.496003086,8.700060662,0.3715497255,0.07567393035,2
38,1.0,-1.0,9.10373904,0.0204930231,0.00319231418,2
39,0.0,-1.0,-1.0,0.00153457548,0.005988189485000001,2
40,0.0,-1.0,-1.0,0.001407059724,0.002095029922,2
41,0.5,-1.0,-1.0,0.027751639489999997,0.259827137,2
42,0.0,8.714391789,9.006167172,0.03771549463,0.14274856449999998,1
43,0.0,7.812175749,7.851529823,0.02541356534,0.023946290840000002,1
44,0.0,8.691909418,-1.0,0.7235854864,0.4582265317,1
45,0.0,8.714391789,-1.0,0.03771549463,0.1246805564,1
46,0.0,7.821278436,6.943681922000001,0.000385925232,0.001071294188,1
47,0.0,8.720862996000001,8.069661005,0.0056862575,0.007944907993,1
48,0.0,8.720862996000001,8.070349007999999,0.0071896975859999995,0.010984154420000001,1
49,0.0,8.708438753,-1.0,0.010435741390000001,0.004438200034,1
50,0.0,8.698100193,8.501146965,0.004245194141,0.005573751871,1
51,0.0,8.095572138,6.0797846710000005,0.0052347783929999996,0.008433358743999999,1
52,0.0,8.687666017,9.043228217000001,0.0008716589073,0.0018869730410000002,1
53,0.0,7.829459914,-1.0,0.02761820704,0.03300060332,1
54,0.0,7.734953881,6.2604102070000005,0.5354626775,0.46865236759999995,1
55,0.0,8.665750825,-1.0,0.2208016217,0.23369172219999998,1
56,0.0,7.880062726,-1.0,0.014311179519999998,0.0139879426,1
57,0.0,8.662597052,8.627298755,0.1071878448,0.1118622199,1
58,0.0,8.640366107,7.888594632999999,0.1427176148,0.1585326493,1
59,0.0,8.634163115,7.465891178,1.0,1.0,1
60,0.0,7.90793941,6.816731226,0.01910711452,0.003809136571,1
61,0.0,7.920167631,6.036935595,0.007091423031,0.0064534582200000004,1
62,0.0,7.940834203,-1.0,0.005125547759,0.005841149017000001,1
63,0.0,7.737140403,8.008395789,0.003656020621,0.004728853703,1
64,0.0,8.741995897,7.495557317,0.3346792459,0.6227257252,1
65,0.0,8.724684469,6.274596894,0.01872746833,0.013947385359999998,1
66,0.0,8.812212597,-1.0,0.008452047594,0.01278719772,1
67,0.0,8.899310612999999,8.032448148,0.01015323959,0.013091263359999999,1
68,0.0,7.710029904,-1.0,0.06542904675,0.07754527032000001,1
69,0.0,8.897411935,8.008514417999999,0.008496444672,0.010363888,1
70,0.0,7.712157996,7.812175749,0.006724928506,0.02541356534,1
71,0.0,8.882563649,9.213809529,0.009058883414000001,0.04481808841,1
72,0.0,8.875740951000001,7.021877595,0.009718242101,0.00941081997,1
73,0.0,8.834551497,7.8253953229999995,0.01009900961,0.008959824219,1
74,0.0,8.81777598,-1.0,0.00338635128,0.004021904430999999,1
75,0.0,8.817072504,9.60568506,0.02280603349,0.051961775870000004,1
76,0.0,8.816980748999999,6.896138066000001,0.014883650469999997,0.01419166196,1
77,0.0,7.718773783,-1.0,0.01254951674,0.02336519957,1
78,0.0,8.73762011,7.954659522999999,0.0026246835479999996,0.007350104394999999,1
79,0.0,8.808885211,8.571143398,0.004810603801,0.02121143974,1
80,0.0,8.795913102,7.98273127,0.0299466867,0.031067995350000002,1
81,0.0,8.795227921,8.058907528999999,0.007741842419,0.01224669907,1
82,0.0,8.791127643,-1.0,0.030439700930000004,0.033843867480000005,1
83,0.0,8.788517011,8.74483723,0.4849679768,0.1762361377,1
84,0.0,7.72255766,8.537560844,0.001405997784,0.015199418180000002,1
85,0.0,8.77753592,7.638240676000001,0.003279257566,0.004651977214999999,1
86,0.0,8.77492982,8.456127453999999,0.01417708211,0.02107579634,1
87,0.0,7.731111785,-1.0,0.009292335249,0.007015616633,1
88,0.0,8.573989637999999,7.712078632000001,0.0059323040769999995,0.00491329236,1
89,0.0,8.598753517,8.532139361,0.0027747123969999996,0.0025138561610000003,1
90,0.0,8.552403799,7.500358307999999,0.010924054309999999,0.019418248909999998,1
91,0.0,8.561379142,8.581539625,0.007136604749,0.008213201538,1
92,0.0,8.553124206,8.890894997,0.01948628575,0.012950504199999999,1
93,0.0,8.338884700000001,7.266408016000001,0.0054821041410000005,0.00355063146,1
94,0.0,8.321471811,7.602765457,0.0026164120060000002,0.001996889012,1
95,0.0,8.312178977,-1.0,0.05785090103999999,0.0173397772,1
96,0.0,8.03002732,5.886585462999999,0.023591550069999998,0.020617574450000002,1
97,0.0,8.295032259,-1.0,0.01332180202,0.008702939376,1
98,0.0,8.27993485,6.068726889,0.01906231046,0.0066776392050000005,1
99,0.0,8.271798758,6.963387435,0.004480641335,0.008805824444,1
100,0.0,8.226174165,8.566188831,0.2628312707,0.27470305559999997,1
101,0.0,8.204284612999999,8.101152914,0.0013902268840000002,0.002349985531,1
102,0.0,8.199334481000001,-1.0,0.00509277638,0.0157245826,1
103,0.0,8.194613126,6.501558028,0.005692877807,0.0045492546629999995,1
104,0.0,8.056822296,-1.0,0.009765144438,0.007656408474,1
105,0.0,8.193261504,6.9327277270000005,0.007362821605,0.004992921371,1
106,0.0,8.191390756,-1.0,0.005414897576,0.0035478034989999997,1
107,0.0,8.058907528999999,9.433765102,0.0009913409594,0.008317534812,1
108,0.0,8.075359651,8.013487217,0.003995438572,0.01141996216,1
109,0.0,8.156617434,-1.0,0.018749566750000002,0.020167706530000003,1
110,0.0,8.146126336,-1.0,0.005652804393,0.006319488399,1
111,0.0,8.145104077000001,-1.0,0.012402765449999999,0.0028983813240000002,1
112,0.0,8.123205354,7.047145135,0.00288541778,0.005696296226,1
113,0.0,8.120796289,7.321090058999999,0.008636800572000001,0.008040155283999999,1
114,0.0,8.004802489,8.244069925,0.001798655489,0.006980684586,1
115,0.0,8.341596009,-1.0,0.01394063979,0.02386071347,1
116,0.0,8.343972237000001,-1.0,0.002044698689,0.0030970603690000003,1
117,0.0,7.971281874,7.820026027000001,0.008752648719,0.01565766521,1
118,0.0,8.105820929,9.150214611,0.004808829166,0.005367391742999999,1
119,0.0,8.528489102,5.374361436,0.0016942048680000002,0.001024434343,1
120,0.0,8.519100683,6.19684497,0.007301960606,0.005319444463,1
121,0.0,8.516959411,-1.0,0.1718367636,0.1204888672,1
122,0.0,7.967921633,-1.0,0.010517574850000001,0.009398654103,1
123,0.0,8.482382861,-1.0,0.0029342218770000003,0.003349187318,1
124,0.0,8.466331211,7.483366727999999,0.02208169177,0.014514474199999999,1
125,0.0,8.45041471,9.380617398,0.0052929548549999995,0.006624985952,1
126,0.0,8.45041471,8.700049827,0.008111577481,0.007161568385,1
127,0.0,8.444171142,-1.0,0.5155488253,0.6471756101,1
128,0.0,8.344387967000001,-1.0,0.0005378097994,0.003292839509,1
129,0.0,8.404180246000001,8.784852231,0.015050854530000003,0.02646065503,1
130,0.0,8.402884713999999,9.031721487,0.005568257999,0.008823921904,1
131,0.0,8.400210689,-1.0,0.018108326940000002,0.01445341855,1
132,0.0,8.397794823,6.251551753999999,0.010783702140000002,0.004302164539999999,1
133,0.0,8.38793524,7.387176472999999,0.005745986942,0.008815206587,1
134,0.0,7.978786464,3.285932243,0.009639374912,0.008394659497,1
135,0.0,8.387057685,8.388893312999999,0.3142942786,0.323202014,1
136,0.0,8.383899156,5.212337827,0.01226756442,0.007419143338,1
137,0.0,8.381953467,8.975069282,0.0034477296289999997,0.01153955143,1
138,0.0,8.93101778,-1.0,0.005852406844,0.0069268983790000006,1
139,0.0,9.003170977,-1.0,0.004640442785,0.004487628117,1
140,0.0,8.931032144,8.432575244,0.013188156299999998,0.01257865876,1
141,0.0,9.406314808,8.945975273,0.003648984944,0.0014360516800000001,1
142,0.0,9.481337148,9.462441155,0.007739205379,0.010943863540000001,1
143,0.0,9.478936017999999,9.097378238,0.01295660622,0.017950290810000002,1
144,0.0,9.474447487,7.1286894179999996,0.006278543732999999,0.005852718838,1
145,0.0,9.465789295,8.701741242999999,0.01083473209,0.006033204496,1
146,0.0,9.460729009,8.889373266,0.0069949119350000005,0.007254176773,1
147,0.0,9.455052397000001,8.891216579,0.00033835321660000004,0.0005219568848,1
148,0.0,9.451266394,9.112940015,0.04814883322,0.053652178499999995,1
149,0.0,9.445321055,8.624203332,0.025621764359999997,0.021106442439999998,1
150,0.0,9.442043494,6.298990521,0.010694865139999999,0.005095655564,1
151,0.0,9.441995599,-1.0,0.1839854568,0.1819475144,1
152,0.0,9.43021722,8.226925612999999,1.0,0.35831743479999995,1
153,0.0,9.423929108,9.494622524,0.004665258806,0.006559784524,1
154,0.0,9.397576701,7.352210793999999,0.004363510758,0.009424393997,1
155,0.0,8.93877406,9.025482842,0.39354515079999997,0.3979450166,1
156,0.0,9.397174677999999,7.394004236000001,0.01146723982,0.02085255273,1
157,0.0,9.385986952,9.112405408999999,0.0053456639870000005,0.009015854448,1
158,0.0,9.380073815,5.978207326000001,0.009127175435,0.008176612668,1
159,0.0,9.376980813,6.549523161000001,0.01960466802,0.01292502042,1
160,0.0,9.375167048,7.790538755,0.0045183980839999995,0.008915661834,1
161,0.0,9.3702577,8.773297366,0.0052416305989999995,0.006010994315,1
162,0.0,9.367523047,9.360563451,0.002531365491,0.0022113556039999997,1
163,0.0,9.366771064,-1.0,0.004188671708,0.007984158582999999,1
164,0.0,9.354654599,-1.0,0.004973852541,0.005069516134,1
165,0.0,9.347279007000001,8.675796757,0.006925668102,0.008196342736,1
166,0.0,9.332172746,7.907821396,0.01117454469,0.02666369267,1
167,0.0,9.330662688,8.50158893,0.0178753268,0.01851812378,1
168,0.0,9.481737487,8.994082119,0.02034449205,0.01622936875,1
169,0.0,9.482489354,9.19671774,0.0013381477910000001,0.0013840560569999998,1
170,0.0,9.484262536000001,7.553980407,0.004575385712,0.001380430418,1
171,0.0,9.488139244,-1.0,0.02011908032,0.012857083229999998,1
172,0.5,-1.0,-1.0,0.004560943693,0.009223952889000001,1
173,0.5,-1.0,-1.0,0.004486166872,0.004853820894,1
174,0.5,-1.0,-1.0,0.004442339297,0.0043549197730000004,1
175,0.5,-1.0,-1.0,0.004153590649,0.005030167289,1
176,0.5,-1.0,-1.0,0.003384351963,0.01182939019,1
177,0.5,-1.0,-1.0,0.003283458063,0.004006970208,1
178,0.5,-1.0,-1.0,0.002778063994,0.002639519982,1
179,0.5,-1.0,-1.0,0.002426774474,0.001192653668,1
180,0.5,-1.0,-1.0,0.002113577444,0.0040907971559999996,1
181,0.5,-1.0,-1.0,0.001996654784,0.001996654784,1
182,0.5,-1.0,-1.0,0.001958192326,0.0013367841020000002,1
183,0.5,-1.0,-1.0,0.0019137087510000001,0.002264576033,1
184,0.5,-1.0,-1.0,0.00148256775,0.002592609264,1
185,0.5,-1.0,-1.0,0.001441295375,0.003920670599,1
186,0.5,-1.0,-1.0,0.001024689642,0.002052345779,1
187,0.5,-1.0,-1.0,0.0009953291155,0.001466229791,1
188,0.5,-1.0,-1.0,0.0009554396383,0.0008489810862,1
189,0.0,9.638238714,-1.0,0.003385776654,0.014131054280000001,1
190,0.0,9.587611718,9.370768757999999,0.3969062269,0.2800694406,1
191,0.0,9.542480755,8.590861768,0.01025633235,0.024029621850000002,1
192,0.0,9.495037365,7.608827828,0.00636556698,0.004334930331,1
193,0.0,9.49358728,9.480502469,0.013812107969999998,0.004420446232,1
194,0.0,9.492042705,-1.0,0.0004425220832,0.002397657372,1
195,0.0,9.489338304,8.623515555,0.19012923539999999,0.2319712639,1
196,0.0,9.488139244,-1.0,0.02011908032,0.0179802198,1
197,0.0,9.330662688,8.423227702,0.0178753268,0.009386509656999999,1
198,0.0,9.323734275,7.352651317,0.002911119489,0.005745510105,1
199,0.0,9.317862551000001,7.623880557000001,0.0234981142,0.013233039529999999,1
200,0.0,9.16428992,7.78227453,0.004670375027,0.005497670267000001,1
201,0.0,9.152690617000001,7.658491306,0.012109471489999999,0.0077308658510000005,1
202,0.0,9.151156653,6.700007867,0.001689817407,0.005255409982,1
203,0.0,9.142381056,-1.0,0.0155606484,0.025146156549999996,1
204,0.0,9.114999634,9.304564379,0.001567254425,0.004318951629,1
205,0.0,9.098587312000001,-1.0,0.004285090603,0.01125758328,1
206,0.0,9.095216621,8.93877406,0.3897109926,0.39354515079999997,1
207,0.0,9.091326032000001,-1.0,0.01396164205,0.03561513126,1
208,0.0,9.090612333,7.664793776000001,0.04100428522,0.01752031967,1
209,0.0,9.090266185,7.617030457,0.000854822807,0.003422948532,1
210,0.0,9.083233138999999,8.51388912,0.06266801058999999,0.0831990093,1
211,0.0,9.073437596,9.493488601000001,0.001485996414,0.08281771094,1
212,0.0,9.056534597,6.975495769,0.0176469665,0.02455800213,1
213,0.0,9.038133097000001,-1.0,0.06199496239,0.02063965611,1
214,0.0,9.021587482000001,8.592315409,0.02806932665,0.02087973803,1
215,0.0,9.020534827999999,8.891674285,0.008172289468,0.01311051473,1
216,0.0,9.011040184,7.430459807999999,0.006141243502,0.009553616866,1
217,0.0,9.007596533,8.371553173999999,0.002736105584,0.007381062023,1
218,0.0,9.007421177000001,-1.0,0.008468101732,0.008096499368999999,1
219,0.0,7.655827821,3.445477037,0.04187881574,0.052798565480000004,1
220,0.0,9.00131253,8.368413725,0.013676107859999998,0.005443282425,1
221,0.0,8.996786605,9.309940018999999,0.19322860239999998,0.1869477332,1
222,0.0,8.980481502,6.956418995,0.00863022171,0.01750251278,1
223,0.0,8.980481502,-1.0,0.01712183282,0.004070898984,1
224,0.0,8.973927093,7.821192019,0.0058693257160000005,0.006345585454,1
225,0.0,8.941444043999999,8.400210689,0.0162802022,0.01046269666,1
226,0.0,9.160577539,9.586625899,0.15402796859999998,0.1841102839,1
227,0.0,9.168359169,-1.0,0.001087716781,0.004347801674,1
228,0.0,9.31781191,-1.0,0.005899792071,0.01712787896,1
229,0.0,9.170775484,-1.0,0.00263398909,0.0008033568737999999,1
230,0.0,9.297149704,9.451031463,0.0008502544952000001,0.003694519633,1
231,0.0,9.296913535,-1.0,5.7846675189999995e-05,0.001161593827,1
232,0.0,9.295481402,8.764752278,0.0485191159,0.02574250847,1
233,0.0,9.286280949,8.853196866000001,0.006850703619,0.006310155614999999,1
234,0.0,9.284544755,-1.0,0.001386851771,0.0014365408569999999,1
235,0.0,9.282365303999999,9.245859463,0.03656332567,0.2620724142,1
236,0.0,9.282049019,9.442052274,0.02291361988,0.0041374098509999995,1
237,0.0,9.281022784,9.303266811,0.3974096775,0.3989090025,1
238,0.0,9.279725216000001,8.632276082999999,0.0041664433669999995,0.007859447971,1
239,0.0,9.276759346,8.775801603,0.0046579884370000005,0.007188577671,1
240,0.0,9.258792037000001,-1.0,0.15967690939999998,0.1566418409,1
241,0.0,9.254786118,9.024991087,0.00284295436,0.008824266493000001,1
242,0.0,9.245124622999999,8.606474618,0.005407741293,0.002533431631,1
243,0.0,9.240725092,8.635162132,1.0,1.0,1
244,0.0,9.224027909,7.254623597999999,0.009380671196,0.01428519934,1
245,0.0,9.221794136,7.55665449,0.00891398266,0.01100826636,1
246,0.0,9.216878571,5.886585462999999,0.027179129419999996,0.020617574450000002,1
247,0.0,9.210934604,7.70256231,0.007948599756,0.008673223667,1
248,0.0,9.204662554,9.021185134,0.01775672846,0.0144865429,1
249,0.0,9.202230469,6.776429102000001,0.0057099596600000005,0.0034166441759999997,1
250,0.0,9.201749326,8.162778885,0.004050910473,0.004310419317,1
251,0.0,9.189491895,8.955506322,0.003116765758,0.0073925131,1
252,0.0,9.188059556,7.978991137,0.003638024209,0.002942866879,1
253,0.0,9.180059484,-1.0,0.03255476803,0.03220959753,1
254,0.0,9.171301545,-1.0,0.06035377458,0.05179126188,1
255,0.0,7.670108192000001,-1.0,0.20156973600000003,0.2230128646,1
256,1.0,9.652347145,9.657276239,0.09387875348,0.08363971114,1
257,0.0,7.6535281379999995,9.433765102,0.00209338218,0.008317534812,1
258,0.0,-1.0,-1.0,0.012156847859999998,0.022967064750000002,1
259,0.0,-1.0,-1.0,0.027751639489999997,0.1442886293,1
260,0.0,-1.0,-1.0,0.02747039124,0.0332923159,1
261,0.0,-1.0,-1.0,0.024089343849999997,0.03167654201,1
262,0.0,-1.0,-1.0,0.02258941531,0.03170495108,1
263,0.0,-1.0,-1.0,0.02195720375,0.03082811832,1
264,0.0,-1.0,-1.0,0.019343571740000003,0.0041553829799999996,1
265,0.0,-1.0,-1.0,0.01929775067,0.023492850359999998,1
266,0.0,-1.0,-1.0,0.01705175638,0.022012718019999995,1
267,0.0,-1.0,-1.0,0.01675205305,0.010946600700000001,1
268,0.0,-1.0,-1.0,0.016649719330000003,0.01916575804,1
269,0.0,-1.0,-1.0,0.01612399891,0.01681886055,1
270,0.0,-1.0,-1.0,0.01577223651,0.002876110841,1
271,0.0,-1.0,-1.0,0.01195423864,0.01529202517,1
272,0.0,7.627275077,6.794418767000001,0.004914379679,0.004238367081,1
273,0.0,-1.0,-1.0,0.011940795,0.01919793896,1
274,0.0,-1.0,-1.0,0.01175544504,0.01696089469,1
275,0.0,-1.0,-1.0,0.01159675792,0.01133019757,1
276,0.0,-1.0,-1.0,0.01132009365,0.01706556417,1
277,0.0,-1.0,-1.0,0.011085346340000002,0.00942834001,1
278,0.0,-1.0,-1.0,0.009598239325,0.010990638290000002,1
279,0.0,-1.0,-1.0,0.008994010277,0.0077542047950000005,1
280,0.0,-1.0,-1.0,0.008669459261,0.03510523215,1
281,0.0,-1.0,-1.0,0.008112052456,0.011885248119999999,1
282,0.0,-1.0,-1.0,0.008096499368999999,0.009258235805,1
283,0.0,-1.0,-1.0,0.007933639921,0.0056046857499999995,1
284,0.0,-1.0,-1.0,0.007831070572,0.00610785,1
285,0.0,-1.0,-1.0,0.02869176865,0.05202233419,1
286,0.0,-1.0,-1.0,0.03234144673,0.029962582510000002,1
287,0.0,-1.0,-1.0,0.05460103601,0.06422548741,1
288,0.0,-1.0,-1.0,0.05624512583,0.05009097978,1
289,0.0,-1.0,6.971809582000001,0.001599032548,0.002229410224,1
290,0.0,-1.0,6.766838969,0.02652619965,0.02239271812,1
291,0.0,-1.0,6.753163292999999,0.003292839509,0.002579189371,1
292,0.0,-1.0,6.65303532,0.15938179189999999,0.6392638087,1
293,0.0,-1.0,6.620532498999999,0.0013847444209999999,0.0032248557549999996,1
294,0.0,-1.0,6.523389445,0.0006412058719,0.002350271214,1
295,0.0,-1.0,6.495020816,0.00743582705,0.01180942636,1
296,0.0,-1.0,6.317470845,0.001503418433,0.004134490155,1
297,0.0,-1.0,6.029299547999999,0.006280818023,0.02426828071,1
298,0.0,-1.0,5.028895164,0.003484967863,0.0075360359620000004,1
299,0.0,-1.0,5.023882669,0.004757322371,0.003771170275,1
300,0.0,-1.0,4.30473258,0.1553690434,0.2738938332,1
301,0.0,-1.0,3.845861186,0.01047150604,0.00643160427,1
302,0.0,-1.0,3.206818812,0.003945881035,0.002869034419,1
303,0.0,-1.0,2.563987553,0.0011000937080000001,0.0130160721,1
304,0.0,-1.0,-1.0,0.6506895423,1.0,1
305,0.0,-1.0,-1.0,0.2471343726,0.5360757709,1
306,0.0,-1.0,-1.0,0.1817053854,0.1866010725,1
307,0.0,-1.0,-1.0,0.1664891541,0.1469711065,1
308,0.0,-1.0,-1.0,0.12373036150000001,0.022588409480000002,1
309,0.0,-1.0,-1.0,0.09173993766,0.05274656415,1
310,0.0,-1.0,-1.0,0.08423259108999999,0.107924886,1
311,0.0,-1.0,-1.0,0.08418982476,0.09738101064999999,1
312,0.0,-1.0,-1.0,0.07382106781,0.05451216176,1
313,0.0,-1.0,-1.0,0.06763664633,0.057474452999999995,1
314,0.0,-1.0,-1.0,0.007240172476,0.007990892977,1
315,0.0,-1.0,-1.0,0.007125457749,0.01047150604,1
316,0.0,-1.0,-1.0,0.006973720621,0.005143576767,1
317,0.0,-1.0,-1.0,0.002256807871,0.004402969033,1
318,0.0,-1.0,-1.0,0.00220042048,0.003334548324,1
319,0.0,-1.0,-1.0,0.002113577444,0.0041298442519999996,1
320,0.0,-1.0,-1.0,0.002113577444,0.0040907971559999996,1
321,0.0,-1.0,-1.0,0.0020604475870000002,0.0052756611259999996,1
322,0.0,-1.0,-1.0,0.001859897282,0.001857749419,1
323,0.0,-1.0,-1.0,0.001686915639,0.0030161340259999996,1
324,0.0,-1.0,-1.0,0.0016701871059999999,0.0013402252230000002,1
325,0.0,-1.0,-1.0,0.001585612888,0.0014347262909999998,1
326,0.0,-1.0,-1.0,0.0015824383590000001,0.001614122069,1
327,0.0,-1.0,-1.0,0.0014887544089999998,0.0025668654130000003,1
328,0.0,-1.0,-1.0,0.0013307329500000002,0.002872779267,1
329,0.0,-1.0,-1.0,0.001330420724,0.009760905057,1
330,0.0,-1.0,-1.0,0.001325376914,0.0017369353450000001,1
331,0.0,-1.0,-1.0,0.001298119314,0.00422958564,1
332,0.0,-1.0,-1.0,0.001268901979,0.00207554712,1
333,0.0,-1.0,-1.0,0.001165051712,0.004269912373,1
334,0.0,-1.0,-1.0,0.0011468471490000002,0.001997216372,1
335,0.0,-1.0,-1.0,0.001142311259,0.001806515036,1
336,0.0,-1.0,-1.0,0.001026548911,0.002506727586,1
337,0.0,-1.0,-1.0,0.0009495859849000001,0.0016757000699999997,1
338,0.0,-1.0,-1.0,0.0009407103062,0.004746465012,1
339,0.0,-1.0,-1.0,0.0009407103062,0.0014293595449999998,1
340,0.0,-1.0,-1.0,0.0009301116223999999,0.004457942676,1
341,0.0,-1.0,-1.0,0.0008137551485999999,0.00118438364,1
342,0.0,-1.0,-1.0,0.0007400636096,0.0008725724765,1
343,0.0,-1.0,-1.0,0.0022202925760000003,0.003695252119,1
344,0.0,-1.0,-1.0,0.002453271532,0.0040195984769999995,1
345,0.0,-1.0,-1.0,0.006696495693,0.005924043246,1
346,0.0,-1.0,-1.0,0.00248742057,0.003407251323,1
347,0.0,-1.0,-1.0,0.0064685088580000005,0.008417473175,1
348,0.0,-1.0,-1.0,0.005921495147,0.007763377855999999,1
349,0.0,-1.0,-1.0,0.005513518582999999,0.006284653209000001,1
350,0.0,-1.0,-1.0,0.004560943693,0.009223952889000001,1
351,0.0,-1.0,-1.0,0.004456952214,0.0009716082713999999,1
352,0.0,-1.0,-1.0,0.0044364444910000005,0.011215120549999999,1
353,0.0,-1.0,-1.0,0.004243177827,0.006897005253,1
354,0.0,-1.0,-1.0,0.004185208119,0.01407973841,1
355,0.0,-1.0,-1.0,0.004097377416,0.0009046954801,1
356,0.0,-1.0,-1.0,0.003998997621,0.006014343817,1
357,0.0,-1.0,-1.0,0.003996858839,0.005689426324999999,1
358,0.0,-1.0,-1.0,0.003947303165,0.007439949083999999,1
359,0.0,-1.0,-1.0,0.003927599173,0.003596659983,1
360,0.0,-1.0,-1.0,0.003857525764,0.004946665373,1
361,0.0,-1.0,-1.0,0.003856707597,0.001735160709,1
362,0.0,-1.0,-1.0,0.00379938609,0.002120668534,1
363,0.0,-1.0,-1.0,0.003502132138,0.01033343282,1
364,0.0,-1.0,-1.0,0.003431418678,0.004619624,1
365,0.0,-1.0,-1.0,0.003350097453,0.0045543331650000005,1
366,0.0,-1.0,-1.0,0.0033133279070000003,0.01172507834,1
367,0.0,-1.0,-1.0,0.0030241538770000003,0.013851347380000002,1
368,0.0,-1.0,-1.0,0.002944295062,0.007316076197,1
369,0.0,-1.0,-1.0,0.002932267031,0.0018634092989999998,1
370,0.0,-1.0,-1.0,0.002778063994,0.002639519982,1
371,0.0,-1.0,-1.0,0.002534362953,0.004824723583,1
372,0.0,-1.0,6.980479794,0.001252212678,0.00882284157,1
373,0.0,-1.0,7.023635396,0.025143664330000003,0.03376915306,1
374,0.0,-1.0,7.145462018,0.005169039126,0.02100947313,1
375,0.0,7.219137786,6.873545611,0.01311873458,0.01018103212,1
376,0.0,7.145462018,-1.0,0.02100947313,0.02019186877,1
377,0.0,7.144700449,9.317862551000001,0.01057080925,0.0234981142,1
378,0.0,7.138234488999999,-1.0,0.002267708071,0.001514761127,1
379,0.0,7.131360565,-1.0,0.0016411187830000001,0.0014298576860000002,1
380,0.0,7.08334855,9.303266811,0.039417862889999995,0.4020732045,1
381,0.0,7.077311963,-1.0,0.0003688611614,0.004083153792,1
382,0.0,7.048202615,-1.0,0.0036988323550000003,0.006491025444,1
383,0.0,7.035518828,7.997916313999999,0.005824470893,0.01111678965,1
384,0.0,7.028475441,4.260380013,0.01647145301,0.02336291969,1
385,0.0,6.98636879,-1.0,0.0,0.007444331888,1
386,0.0,6.953209178,-1.0,0.004336374346,0.004288013559,1
387,0.0,6.939996206,-1.0,0.02228225023,0.01704282872,1
388,0.0,6.921111412,7.344924207999999,0.001343887765,0.008070594631000001,1
389,0.0,6.914878959,7.910768545,0.05470561981000001,0.1537507623,1
390,0.0,6.901255036,7.88234029,0.012601125990000002,0.04948500916,1
391,0.0,6.896138066000001,6.162996572999999,0.01323003881,0.011308801359999999,1
392,0.0,6.874860327,-1.0,0.0035738053269999998,0.005406578537,1
393,0.0,6.873545611,5.184021411,0.01018103212,0.01603572257,1
394,0.0,6.871931469,4.424770994,0.002293684054,0.008520788513,1
395,0.0,6.7958574060000005,6.864222933,0.005618513096,0.005746860057,1
396,0.0,6.7491805,4.254830957,0.006879664958,0.006832085084,1
397,0.0,6.745346515,9.007763812,0.006841443945,0.007551244926,1
398,0.0,6.709067354,-1.0,0.0016682480929999998,0.02173310891,1
399,0.0,6.6425955729999995,-1.0,0.01705680788,0.028230194,1
400,0.0,6.601778964,4.291588298,0.1412540823,0.2850759923,1
401,0.0,7.18757752,5.809518249,0.0023453710600000004,0.003112402279,1
402,0.0,7.223455737,7.012120284,0.002014364116,0.015071072619999999,1
403,0.0,6.5600491860000005,-1.0,0.3108757734,0.3530441821,1
404,0.0,7.251945951000001,-1.0,0.011477286000000001,0.01785629615,1
405,0.0,7.622665437,7.931504896,0.010284385640000001,0.024376520890000003,1
406,0.0,7.575696309,6.190133937000001,0.0077804527249999995,0.005337392446,1
407,0.0,7.5715838810000005,-1.0,0.007382828742,0.026476740840000002,1
408,0.0,7.567153994,-1.0,0.00036156826539999993,0.001786653069,1
409,0.0,7.563866900000001,7.955331321,0.010521008629999998,0.032614216210000005,1
410,0.0,7.535525087999999,-1.0,0.00431879051,0.0030151947869999996,1
411,0.0,7.511172086,7.498151967,0.006116126198,0.034913674,1
412,0.0,7.469315467,5.935670464,0.01557825506,0.00696960697,1
413,0.0,7.449230372000001,6.2905568789999995,0.0036986016200000003,0.00299386098,1
414,0.5,-1.0,-1.0,0.004772790242,0.0017900988459999998,1
415,0.0,7.436133555,4.351152008,0.008011804894,0.00994103495,1
416,0.0,7.409508067999999,-1.0,0.001254698727,0.002872341312,1
417,0.0,7.408917167,-1.0,0.3534556925,0.5393685699,1
418,0.0,7.402475624,6.96304398,0.0191451069,0.006535165012000001,1
419,0.0,7.3926618710000005,7.592533235,0.009863585234,0.012695947659999998,1
420,0.0,7.377731713999999,7.260049479,0.005168725271,0.006884873845,1
421,0.0,7.366548915,-1.0,0.09384218603,0.03578646481,1
422,0.0,7.3556677839999995,7.412337321,0.007197552361,0.011986110359999998,1
423,0.0,7.345511836,7.821076702999999,0.006815311964999999,0.01064966992,1
424,0.0,7.312156355,-1.0,0.02312696539,0.01842333376,1
425,0.0,7.304612934,-1.0,0.004031291232,0.007115683984,1
426,0.0,7.298120083,5.520387056000001,0.004020676948,0.004572188482,1
427,0.0,7.289846077000001,-1.0,0.02619048394,0.02633043565,1
428,0.0,7.279616953,9.018087298,0.003674926935,0.01173390727,1
429,0.0,7.268511561,9.113284602,0.01023358945,0.014019128869999998,1
430,0.0,6.585041703,7.698349946,0.05782286823,0.016928199680000002,1
431,0.0,6.551377717,6.2717053279999995,0.01818920858,0.009091932327,1
432,0.0,-1.0,7.156854565,0.006794882938,0.014486079099999999,1
433,0.0,5.141953448,7.3511017789999995,0.01690563932,0.05485326424,1
434,0.0,4.488394747,5.954377383,0.0009945762577,0.0014364004600000001,1
435,0.0,4.424770994,-1.0,0.003970726393,0.005217958707,1
436,0.0,4.275123924,-1.0,0.01130974293,0.0207790453,1
437,0.0,3.612059022,7.950665042000001,0.001266353065,0.0019883320199999997,1
438,0.0,3.538442807,8.295032259,0.005770468153,0.01332180202,1
439,0.0,-1.0,9.77545174,0.0006359002437000001,0.001669650432,1
440,0.0,-1.0,9.347303616,0.01017783117,0.014708268459999998,1
441,0.0,-1.0,9.294925301000001,0.6838453412000001,1.0,1
442,0.0,-1.0,9.158290774,0.034589547660000004,0.03810705617,1
443,0.0,-1.0,9.016503499,0.006003658752999999,0.01183266472,1
444,0.0,-1.0,9.010933752,0.01511934679,0.02648560144,1
445,0.0,-1.0,8.693303204,0.006554606371000001,0.014906374740000002,1
446,0.0,-1.0,8.455396283999999,0.005471358076,0.00119778642,1
447,0.0,-1.0,8.424404755,0.003274590243,0.019395830109999998,1
448,0.0,-1.0,8.251301742999999,0.001489086542,0.004628821276,1
449,0.0,-1.0,8.111333216,0.002043467481,0.002534595551,1
450,0.0,-1.0,8.06212142,0.0004803413176,0.0035928189750000002,1
451,0.0,-1.0,8.060426285,0.002541931346,0.004393012263,1
452,0.0,-1.0,7.862927764,0.0034509929830000004,0.006419747137,1
453,0.0,-1.0,7.600483737,0.005676466972,0.01118761301,1
454,0.0,-1.0,7.399799009,0.002743656049,0.002433461603,1
455,0.0,-1.0,7.350809666,0.0003171091666,0.002554621082,1
456,0.0,-1.0,7.346186953999999,0.025175848980000002,0.028978938239999995,1
457,0.0,-1.0,7.264974012000001,0.08500128984,0.25149944420000003,1
458,0.0,-1.0,7.170171433999999,0.005404891446,0.003987703472,1
459,0.0,5.108548205,-1.0,0.02248296142,0.02664891258,1
460,0.0,5.253845493,4.667721724,0.007917216048,0.017761379480000002,1
461,0.0,6.550009007000001,4.801787162,0.008986492641,0.016041707250000002,1
462,0.0,5.287186996,-1.0,0.0030298142229999996,0.0038043104580000003,1
463,0.0,6.536189152,-1.0,0.0003760331601,0.003110818565,1
464,0.0,6.50130783,-1.0,0.009103266522,0.0002101313148,1
465,0.0,6.475613703,-1.0,0.0019690520129999997,0.0009046954801,1
466,0.0,6.475264886000001,4.507590771,0.04122777283,0.022952064869999997,1
467,0.0,6.4631648120000005,7.011076775,0.0028037482410000003,0.008392560296,1
468,0.0,6.402757093,-1.0,0.01049024705,0.015492775480000002,1
469,0.0,6.373135276,-1.0,0.000570485252,0.001410042285,1
470,0.0,6.369323501,7.645322523,0.01368202642,0.013111249540000001,1
471,0.0,6.2571267310000005,4.275123924,0.01053558942,0.01130974293,1
472,0.0,6.2571267310000005,-1.0,0.01053558942,0.02135795727,1
473,0.0,6.057869182,-1.0,0.0037757656540000004,0.005902929231999999,1
474,0.0,6.044032402000001,9.54069254,0.0034991262949999997,0.008823672309999999,1
475,0.0,5.976788807,6.287980058,0.007986825891,0.01268666517,1
476,0.0,5.937166588999999,-1.0,0.004899215419,0.007279092446,1
477,0.0,5.933639167000001,5.368314471000001,0.004232538398,0.004609852098,1
478,0.0,5.931311145,6.050618839,0.00228840299,0.000868827221,1
479,0.0,5.784491696,-1.0,0.002973188879,0.005630657077,1
480,0.0,5.713978437000001,9.374633728,0.007705821190000001,0.004179179668,1
481,0.0,5.690233012,3.943020238,0.004992702976,0.009824523702,1
482,0.0,5.6336304120000005,8.853027273,0.003784301225,0.00714753801,1
483,0.0,5.624105581,6.748902623999999,0.01311143767,0.01395277865,1
484,0.0,5.59260147,4.609533483,0.005453020334,0.003731231904,1
485,0.0,5.56047077,-1.0,0.00222417363,0.005300479010000001,1
486,0.0,5.48475169,5.659867983,0.0023365076629999998,0.01620940864,1
487,0.0,5.335541064,5.933998347999999,0.01005320717,0.01564999111,1
488,0.0,7.440724391,8.995772415,0.8212046027,0.7367610335,1
489,0.5,-1.0,-1.0,0.01038629375,0.008839837275,1
490,0.5,-1.0,-1.0,0.004882606678,0.004013813101,1
491,1.0,6.829586882999999,6.906126124,0.024065293369999997,0.008253782056,1
492,1.0,7.113870339,9.31781191,0.0074425237250000005,0.007615126668999999,1
493,1.0,7.092277615,-1.0,0.003130045952,0.002118798206,1
494,1.0,7.086456267000001,-1.0,0.0264539551,0.02014789544,1
495,1.0,7.04123276,8.697729325,0.01006974652,5.382864856e-07,1
496,1.0,7.035518828,7.997916313999999,0.005824470893,0.01111678965,1
497,1.0,7.03448002,8.203833762999999,0.004678891506,0.012723690829999999,1
498,1.0,6.96304398,8.71442168,0.006535165012000001,0.002510836348,1
499,1.0,6.941138415,-1.0,0.01016329415,0.001065941178,1
500,1.0,6.9327277270000005,7.3688994260000005,0.004992921371,0.0013564407130000002,1
501,1.0,6.86538218,8.353987523999999,0.01127333287,0.012100846509999999,1
502,1.0,6.855998951,7.78227453,0.004929854069,0.005497670267000001,1
503,1.0,6.839784825,-1.0,0.05139629915,0.04282159731000001,1
504,1.0,6.804100217999999,-1.0,0.013934321699999998,0.01335374545,1
505,1.0,7.592335739,8.561379142,0.006995308679,0.007136604749,1
506,1.0,6.774064424,8.063111967000001,0.02467714064,0.0255681742,1
507,1.0,6.745906274,-1.0,0.004155790899,0.0003964369826,1
508,1.0,6.745346515,9.007763812,0.006841443945,0.007551244926,1
509,1.0,6.6309854989999995,-1.0,0.003695458407,0.001503624371,1
510,1.0,6.615190712,8.432575244,0.01797992922,0.01257865876,1
511,1.0,6.608216537000001,8.51103467,0.01048205234,0.004637015052,1
512,1.0,6.564806862999999,7.070197395,0.007644328754,0.0062595182099999995,1
513,1.0,6.55949147,8.580674961,0.03764595091,0.009399140254,1
514,1.0,6.549059522,9.261937904,0.004923013505,0.004695064854,1
515,1.0,6.534229036,8.860863355,0.010350517929999999,0.007961447351,1
516,1.0,6.50130783,7.827991923,0.0005732934806,0.001911065541,1
517,1.0,6.495020816,9.332740147,0.024610787630000002,0.01047768816,1
518,1.0,7.1245424029999995,4.126396714,0.008139722981,0.001989387674,1
519,1.0,7.129020427,7.78810773,0.004658429883,0.004931211937,1
520,1.0,7.129020427,7.805066211000001,0.004658429883,0.003898123978,1
521,1.0,7.151212988999999,-1.0,0.005989506840999999,0.001055396628,1
522,1.0,7.580693442,6.274596894,0.01852518506,0.015888435769999997,1
523,1.0,7.54892463,-1.0,0.007951838896,0.002854428254,1
524,1.0,7.525488531000001,8.346877393,0.027404280380000003,0.0231300313,1
525,1.0,7.517150116,9.160720899,0.04058051482,0.009457370266,1
526,1.0,7.500358307999999,6.421241737999999,0.012269549070000002,0.009381234645999999,1
527,1.0,7.483482472,6.078098952,0.01273842156,0.010809948670000001,1
528,1.0,7.464459086000001,9.459151872,0.0005247066147,0.001101106755,1
529,1.0,7.402475624,8.71442168,0.0191451069,0.002510836348,1
530,1.0,7.402475624,-1.0,0.0167381838,0.010604523119999999,1
531,1.0,7.389595282,-1.0,0.01954716444,0.0052487472999999995,1
532,1.0,7.387747106,7.498151967,0.02299685031,0.04202044755,1
533,1.0,7.3556677839999995,7.412337321,0.007197552361,0.011986110359999998,1
534,1.0,7.352651317,7.931504896,0.008977321908,0.005444303155,1
535,1.0,7.327408999,8.698781996000001,0.002787469421,4.661729918e-07,1
536,1.0,7.316303698,7.53336665,0.008552682586,0.006154600531000001,1
537,1.0,7.315062809,9.551441007000001,0.008932162076,0.013456525280000001,1
538,1.0,7.285318515,7.495228958999999,0.004275484942,0.00493462896,1
539,1.0,7.268511561,8.725680842000001,0.01023358945,0.01236000936,1
540,1.0,7.26573458,8.086220675,0.0054187932979999996,0.008064963855,1
541,1.0,7.2644191860000005,8.269917516,0.08729231357999999,0.09192919731,1
542,1.0,7.251950456,9.306047314,0.02112766914,0.02080508508,1
543,1.0,7.238968959,7.490804705,0.04906809703,0.04579120129,1
544,1.0,7.208378441,4.7006289610000005,0.1182424873,0.060050420460000004,1
545,1.0,7.171818997000001,8.689109042,0.01615497656,0.008428135887,1
546,1.0,7.168569739,-1.0,0.012413634920000001,0.0018377287779999998,1
547,1.0,6.389147627000001,6.438869293,0.01813327335,0.05758757889,1
548,1.0,6.369323501,7.645322523,0.01368202642,0.013111249540000001,1
549,1.0,6.349003167999999,6.835359167999999,0.006468594540000001,0.006892874837,1
550,1.0,3.0494708260000003,6.134272827999999,0.00320767099,0.014647793959999999,1
551,1.0,-1.0,9.598127117,0.02409210801,0.08077570796,1
552,1.0,-1.0,9.478231895,0.001200147672,0.002073633019,1
553,1.0,-1.0,9.457417652,0.003646147205,0.000441559765,1
554,1.0,-1.0,9.442354123,0.002351466799,0.0054720263,1
555,1.0,-1.0,9.438495612,0.004129675217,0.003807348898,1
556,1.0,-1.0,9.438466743,0.03482022509,0.008191383444,1
557,1.0,-1.0,9.390361231,0.001113067847,0.0009765647119,1
558,1.0,-1.0,9.385986952,0.01019032113,0.01747788489,1
559,1.0,-1.0,9.340705161,0.008589664474,0.004194644745,1
560,1.0,-1.0,9.256043672999999,0.007694498636,0.004963783082,1
561,1.0,-1.0,9.254886053,0.000702970312,0.00416538585,1
562,1.0,-1.0,9.231739785,0.001013857313,0.000619292201,1
563,1.0,-1.0,9.221358853,0.005028704647,0.0030296053739999997,1
564,1.0,-1.0,9.183975678,0.01765798405,0.03177465871,1
565,1.0,-1.0,9.112940015,0.05133828148,0.053652178499999995,1
566,1.0,-1.0,9.106528407999999,0.02117120102,0.02033010684,1
567,1.0,-1.0,9.105131994,0.07570886612000001,0.024765267969999998,1
568,1.0,-1.0,9.063075979,0.003904699814,0.007520005107,1
569,1.0,-1.0,9.039825128,0.41032049060000003,0.5626907349,1
570,1.0,-1.0,9.016503499,0.006003658752999999,0.01183266472,1
571,1.0,-1.0,9.010933752,0.01511934679,0.02648560144,1
572,1.0,-1.0,8.833002275,0.0018431905189999999,0.0051192962560000005,1
573,1.0,-1.0,8.695481847,0.004548285156,0.005167772528,1
574,1.0,-1.0,8.680022671,0.0033011562190000004,0.00491764769,1
575,1.0,-1.0,8.676716587,0.03630197793,0.03959601745,1
576,1.0,-1.0,9.637256169,0.029400998730000003,0.03954569623,1
577,1.0,3.090112084,5.335785711000001,0.002175187692,0.0013662392739999998,1
578,1.0,6.2996806229999995,8.31416823,0.006500183604999999,0.005332589148999999,1
579,1.0,3.235588533,8.762014907000001,0.029473280530000003,0.03864796087,1
580,1.0,6.283121922,7.913327325,0.004614042584,0.007313674780999999,1
581,1.0,6.243875867000001,-1.0,0.02861124836,0.01692206785,1
582,1.0,6.236745786,-1.0,0.0007538127247000001,0.000529333076,1
583,1.0,6.029299547999999,8.788502812,0.02426828071,0.054630782460000006,1
584,1.0,6.001587131,-1.0,0.001101563568,0.005756270605999999,1
585,1.0,5.795632052,7.293503529,0.017443988469999998,0.00280446792,1
586,1.0,5.680384148,6.300530212000001,0.0046701869,0.001008524792,1
587,1.0,5.656514165,8.074528497000001,0.005498923360999999,0.001719351974,1
588,1.0,5.655082221,8.662597052,0.012800290249999999,0.01260635257,1
589,1.0,5.6336304120000005,8.853027273,0.003784301225,0.00714753801,1
590,1.0,5.53026045,8.564893717,0.011456280020000001,0.00448664045,1
591,1.0,5.520906707999999,8.580674961,1.0,0.1911207438,1
592,1.0,5.5101048089999995,8.873730107,0.003042595461,0.01100662537,1
593,1.0,5.411260068,-1.0,0.007659772411,0.0043222978710000005,1
594,1.0,5.368314471000001,7.0602873839999996,0.004609852098,0.004408872686,1
595,1.0,5.25628779,-1.0,0.0143060647,0.01487746555,1
596,1.0,4.935077219,8.64047275,0.01555340085,0.01773610339,1
597,1.0,4.918264017,6.970848775,0.0015218043700000001,0.0002819565125,1
598,1.0,4.84769754,7.515830772,0.014570050869999998,0.01716046408,1
599,1.0,4.802727778,-1.0,0.004981381353,0.004291750491,1
600,1.0,4.501028517,9.069572058,0.0019759072459999997,0.0032522086989999997,1
601,1.0,4.394520717,-1.0,0.0019789659419999998,0.006471555679999999,1
602,1.0,4.351152008,-1.0,0.00994103495,0.012471143159999998,1
603,1.0,4.091935073999999,7.541996372000001,0.008670242503,0.005464568734,1
604,1.0,3.674796423,7.260049479,0.007212176452999999,0.006884873845,1
605,1.0,7.584748633999999,-1.0,0.13160909710000002,0.03467179835,1
606,1.0,7.669034357999999,8.899310612999999,0.007898131385,0.005706261378,1
607,1.0,-1.0,8.564868535,0.003676921362,0.004027923569,1
608,1.0,9.026029768999999,9.003544912999999,0.005723266397000001,0.005542102735,1
609,1.0,9.107343157999999,6.508491095,0.005094355438,0.003124094568,1
610,1.0,9.101732499999999,9.3218035,0.4813636839,0.4650896788,1
611,1.0,9.095216621,8.93877406,0.3897109926,0.39354515079999997,1
612,1.0,9.086980123,8.972142916000001,0.008629854769,0.004403136205,1
613,1.0,9.07367157,8.963038877999999,0.024133924390000002,0.024226719509999998,1
614,1.0,9.072341723,7.2986191289999995,0.011240263470000001,0.0048412792379999995,1
615,1.0,9.06430085,9.335812309,0.008871730417,0.0036460570990000003,1
616,1.0,9.06430085,7.905763779,0.008871730417,0.005445814226,1
617,1.0,9.053903169,7.710353388,0.006194318645,0.003496556543,1
618,1.0,9.045055888,7.558431215,0.009924730286,0.0039070895870000006,1
619,1.0,9.035516121,9.598127117,0.04032615572,0.09227803349,1
620,1.0,9.030236257,6.82964428,0.021765818819999998,0.011916954070000001,1
621,1.0,9.021185134,9.204662554,0.01111901179,0.012605475259999999,1
622,1.0,7.712974011,7.895558261000001,0.0009525596397000001,0.0130152721,1
623,1.0,9.002469309,8.645263302,0.012976641770000002,0.007466821466,1
624,1.0,8.996786605,9.624087009,0.012713062579999998,0.01113057509,1
625,1.0,8.940712431,8.514472749,0.006091210991,0.009583688340999999,1
626,1.0,8.93101778,-1.0,0.005852406844,0.0069268983790000006,1
627,1.0,8.912476125,8.058907528999999,0.0030061504800000002,0.0009913409594,1
628,1.0,8.897483844,9.331257212,0.008709486574000001,0.006681487896000001,1
629,1.0,8.891130255,9.083395571,0.008539479226,0.008804081008,1
630,1.0,8.878313387,9.68422195,0.45763731,0.6114974618,1
631,1.0,8.868563044,8.980116557,0.05122766643999999,0.05180250108,1
632,1.0,8.8684218,-1.0,0.021485611800000002,0.009419074282,1
633,1.0,8.857697438999999,7.942651402,0.02226940729,0.001944695483,1
634,1.0,8.851887402000001,6.979094602000001,0.04804013669,0.031834274530000005,1
635,1.0,9.108189792000001,7.560228697,0.01698980667,0.009919141419,1
636,1.0,9.112118499,9.61357161,0.07355800271,0.6164123415999999,1
637,1.0,9.114351078,9.372741524,0.003351051593,0.01065509394,1
638,1.0,9.114922313,-1.0,0.009566516615000001,0.03142548352,1
639,1.0,9.573053842,8.123369171,0.015148003590000002,0.005196646322,1
640,1.0,9.49358728,9.480502469,0.013812107969999998,0.004420446232,1
641,1.0,9.492792363,-1.0,0.011142736299999999,0.0034649267330000002,1
642,1.0,9.491903237999999,9.495506372000001,0.2635105848,0.1869790405,1
643,1.0,9.484262536000001,7.553980407,0.004575385712,0.001380430418,1
644,1.0,9.48051325,-1.0,0.004711731337,0.002701902064,1
645,1.0,9.449358301,9.318284265,0.008524280041,0.011104003529999998,1
646,1.0,9.445321055,8.263375905,0.02661688626,0.003518127138,1
647,1.0,9.420555159,9.49065769,0.01018194295,0.003946688958,1
648,1.0,9.415467572999999,6.697785776,0.0191455856,0.01262502093,1
649,1.0,9.407712788,-1.0,0.02640762925,0.02516057156,1
650,1.0,9.386086899,9.428297237,0.00567924371,0.006957685109,1
651,1.0,9.37349211,9.477873659,0.05779774114,0.0352736488,1
652,1.0,9.372741524,9.279725216000001,0.02430593409,0.013983386569999999,1
653,1.0,9.372031948,8.964580445,0.009272990747999999,0.005331816617,1
654,1.0,9.285255161,9.487684799,0.024288529530000002,0.015478763730000001,1
655,1.0,9.253588484,8.564713002000001,0.013565502130000002,0.003179330844,1
656,1.0,9.244101931,6.715300075,0.01586974971,0.010458697559999999,1
657,1.0,9.232070913,9.43021722,1.0,1.0,1
658,1.0,9.213809529,-1.0,0.01843602583,0.02336391993,1
659,1.0,9.177963018,9.159874392,0.02112794481,0.006672688760000001,1
660,1.0,9.176126075,7.938707626,0.001594092813,0.0013565545670000002,1
661,1.0,9.17598525,9.29874881,0.04629429057,0.05541302264,1
662,1.0,9.160577539,9.586625899,0.15402796859999998,0.1841102839,1
663,1.0,9.14314222,-1.0,0.4410401881,0.1723634154,1
664,1.0,8.834551497,8.678452862,0.01303444616,0.004702887032,1
665,1.0,8.788625429,-1.0,0.006582978182,0.0031551648859999997,1
666,1.0,8.773453225,9.268629485,0.0187133085,0.0180600863,1
667,1.0,8.425262129,-1.0,0.2208877951,0.055457659070000005,1
668,1.0,8.275170109,9.432074869,0.01397413015,0.01702554338,1
669,1.0,8.238043699,9.189459839,0.004482083488,0.0039058469700000006,1
670,1.0,8.211769477,5.854359153,0.009401090443,0.003000109689,1
671,1.0,8.204735173,-1.0,0.0009986941004,0.0001240247075,1
672,1.0,8.191390756,8.812212597,0.005414897576,0.004608588759,1
673,1.0,8.142252256,9.443686664,0.01457271725,0.013524586330000001,1
674,1.0,8.123369171,9.675349582,0.01374974009,0.0175351724,1
675,1.0,8.105820929,9.150214611,0.004808829166,0.005367391742999999,1
676,1.0,8.058416373,7.294992331,0.007697635796000001,0.002785285702,1
677,1.0,8.002380349,9.194723742,0.006880355068,0.010672211650000001,1
678,1.0,7.955940983,9.017368983999999,0.0147957122,0.02242745645,1
679,1.0,7.924112545,6.188930823,0.008821201511,0.006563663482999999,1
680,1.0,7.907821396,9.281417428,0.02666369267,0.010446328670000001,1
681,1.0,7.9045552379999995,-1.0,0.015770545230000002,0.006217374466,1
682,1.0,7.886261426,8.454242135,0.0013262939170000001,0.001800486352,1
683,1.0,7.869213511,8.364801101,0.017604179680000002,0.016036307439999998,1
684,1.0,7.851529823,7.712157996,0.023946290840000002,0.006724928506,1
685,1.0,7.813492786,9.431872898,0.3255093694,0.5946977139,1
686,1.0,7.813492786,8.535485565,0.00641641207,0.003865620121,1
687,1.0,7.812175749,7.851529823,0.02541356534,0.023946290840000002,1
688,1.0,7.786831995,7.5125667,0.10411532220000001,0.08215526491,1
689,1.0,7.776105556,6.931782111,0.003214457072,0.001500573591,1
690,1.0,7.775251632000001,8.052238554,0.01039133593,0.01568785682,1
691,1.0,7.7510044670000005,8.700049827,0.15406453609999998,0.7254462838,1
692,1.0,7.749543083,8.77753592,0.0028222019319999996,0.003279257566,1
693,1.0,8.288018412000001,8.958620791,0.003057848895,0.02176956274,1
694,1.0,8.434765898,9.270086138,0.010787324979999999,0.01323568169,1
695,1.0,8.769368111,-1.0,0.030055055389999998,0.01718806289,1
696,1.0,8.438498138,-1.0,0.01465646643,0.005241174717,1
697,1.0,8.727412411,9.13024071,0.005698566790999999,0.0006243570824,1
698,1.0,8.710929475,9.01189654,0.01253205072,0.013524577019999998,1
699,1.0,8.696586163,9.367523047,0.002301206812,0.002531365491,1
700,1.0,8.687666017,9.40396289,0.0008716589073,0.000774449145,1
701,1.0,8.669683714,9.192339985,0.002834402723,0.0020739911120000003,1
702,1.0,8.650415842000001,9.236014994,0.02408608049,0.008683819324000001,1
703,1.0,8.645263302,8.744484024,0.01383937895,0.006115101278,1
704,1.0,8.639699400000001,7.720924489,0.1310153306,0.05166762322,1
705,1.0,8.623805692000001,8.287906895,0.003106023651,0.0015858238329999998,1
706,1.0,8.614353844,-1.0,0.01831428707,0.01023186743,1
707,1.0,8.609072224,8.780647614,0.18960143629999998,0.231505543,1
708,1.0,8.605422082,-1.0,0.004922015592,0.002345978282,1
709,1.0,8.600873506000001,7.948443446000001,0.01779584773,0.010843524709999998,1
710,1.0,8.596312247,9.075346091,0.0037985756060000004,0.0037294242070000003,1
711,1.0,8.594163419,-1.0,0.01198974159,0.010356309820000001,1
712,1.0,8.58006138,8.999679467,0.004613220226,0.01048956625,1
713,1.0,8.561379142,8.581539625,0.007136604749,0.008213201538,1
714,1.0,8.552403799,9.495801959,0.01368164457,0.01010350324,1
715,1.0,8.542680993,7.915246409,0.0783727318,0.6135911942,1
716,1.0,8.53646143,7.138234488999999,0.02362233773,0.014076804740000002,1
717,1.0,8.527711876,8.895763418,0.008421720936999999,0.005457157269,1
718,1.0,8.484596603,8.985417112999999,1.0,1.0,1
719,1.0,8.473244528,7.640305624,0.009537835605,0.006820289418,1
720,1.0,8.458502941,-1.0,0.01136220153,0.01892240345,1
721,1.0,8.438796717,9.43021722,0.1586610228,1.0,1
722,1.0,-1.0,8.609343895,0.0041101202370000004,0.006836262066000001,1
723,1.0,-1.0,8.543890605,0.015448015180000002,0.01235196088,1
724,0.5,-1.0,-1.0,0.005948369857,0.0060491147450000005,1
725,0.5,8.101152914,-1.0,0.014039099219999998,0.014098469169999999,1
726,0.5,8.814574878,8.600468607,0.0057545783929999995,0.006062978879,1
727,0.5,8.623805692000001,8.287906895,0.003106023651,0.0015858238329999998,1
728,0.5,8.564868535,8.760973073999999,0.017653154209999997,0.005674188957,1
729,0.5,8.553124206,8.890894997,0.01948628575,0.012950504199999999,1
730,0.5,8.44861086,8.470206248,0.003447912866,0.004697562195,1
731,0.5,8.434765898,9.442221716,0.010787324979999999,0.0147297103,1
732,0.5,8.425262129,-1.0,0.2208877951,0.055457659070000005,1
733,0.5,8.396817517999999,8.883720439,0.1356002837,0.11545872689999999,1
734,0.5,8.204284612999999,8.101152914,0.0013902268840000002,0.002349985531,1
735,0.5,8.154641948,-1.0,0.0005515064112999999,0.0004827724188,1
736,0.5,8.139562724,8.177074296,0.001280315453,0.008635248989,1
737,0.5,8.131923629,8.226886802000001,0.01681333967,0.028634568680000003,1
738,0.5,8.023204326,7.3937325,0.04537048936000001,0.04101022705,1
739,1.0,-1.0,-1.0,0.002987567801,0.01029897574,1
740,0.5,8.017317974,8.357981721,1.0,1.0,1
741,0.5,7.801975399,-1.0,0.3172796071,0.03656666353,1
742,0.5,7.749279222999999,9.370768757999999,1.0,0.2800694406,1
743,0.5,7.629508042,6.883031018,0.01751449145,0.01773795858,1
744,0.5,7.570603168,6.4635359470000004,0.007883428595999999,0.003477765946,1
745,0.5,7.560228697,-1.0,0.009919141419,0.011210722849999999,1
746,0.5,7.500358307999999,-1.0,0.010858161370000001,0.007354553323,1
747,0.5,7.457994714,-1.0,0.02491834201,0.02343070693,1
748,0.5,7.2877367589999995,-1.0,0.004752010573,0.004476746079,1
749,0.5,7.192183927,6.566546622000001,0.007595943286999999,0.0031828610230000003,1
750,0.5,7.027559711,7.23206347,0.027200445530000002,0.034726165239999995,1
751,0.5,6.920622586,8.359135769,0.006594692357,0.007198057603,1
752,0.5,8.868952916,7.95580472,0.02371811867,0.03505882993,1
753,0.5,8.972456849,8.484596603,1.0,1.0,1
754,0.5,9.107646206,8.185537776,0.014951014890000001,0.009459919296,1
755,0.5,9.114351078,8.808885211,0.003351051593,0.004810603801,1
756,1.0,-1.0,-1.0,0.002864867914,0.00202360563,1
757,1.0,-1.0,-1.0,0.002828508848,0.0013521492949999999,1
758,1.0,-1.0,-1.0,0.002651452087,0.00151208695,1
759,1.0,-1.0,-1.0,0.00252835406,0.00242361892,1
760,1.0,-1.0,-1.0,0.002495303517,0.001955896616,1
761,1.0,-1.0,-1.0,0.002480860101,0.002170531312,1
762,1.0,-1.0,-1.0,0.002265397692,0.001285344246,1
763,1.0,-1.0,-1.0,0.002256807871,0.004402969033,1
764,1.0,-1.0,-1.0,0.002185010351,0.001406017225,1
765,1.0,-1.0,-1.0,0.002001200337,0.004359013401,1
766,1.0,-1.0,-1.0,0.001525889616,0.001437652158,1
767,1.0,-1.0,-1.0,0.001290049287,0.0009860260179,1
768,1.0,-1.0,-1.0,0.001254651928,0.002749180188,1
769,1.0,-1.0,-1.0,0.0004928358831,0.0006517223082,1
770,1.0,-1.0,-1.0,0.0003504269698,2.7249293450000004e-06,1
771,0.5,9.675349582,9.68422195,0.6010020375,0.6114974618,1
772,0.5,9.505479535,9.458600279,0.01523672324,0.01597399637,1
773,0.5,9.420555159,9.443175196,0.011535032649999999,0.008935498074,1
774,0.5,9.388734652,9.253390125,0.024552673100000002,0.01101024635,1
775,0.5,9.386068261,8.832587828,0.6594946979999999,0.6885597109999999,1
776,0.5,9.386021505,6.673705124,0.0017501411489999998,0.00594371045,1
777,0.5,9.385986952,9.112405408999999,0.0053456639870000005,0.009015854448,1
778,0.5,9.326252305,6.965838377000001,1.0,0.5903509259,1
779,0.5,9.213809529,-1.0,0.027717527000000002,0.01581489481,1
780,0.5,9.147751732,9.234658291,0.00029619343700000003,0.0002450163593,1
781,0.5,6.896138066000001,8.899310612999999,0.01419166196,0.01391123515,1
782,0.5,6.845976829,-1.0,0.01737749763,0.015510372819999998,1
783,0.5,6.827845667,6.12586856,0.02422791906,0.004563044291,1
784,0.5,-1.0,-1.0,0.1817053854,0.08131683618,1
785,0.5,-1.0,-1.0,0.08070109785,0.1523156315,1
786,0.5,-1.0,-1.0,0.06995981187000001,0.11792524900000001,1
787,0.5,-1.0,-1.0,0.06698867678999999,0.07810929418,1
788,0.5,-1.0,-1.0,0.06325391679999999,0.04238643125,1
789,0.5,-1.0,-1.0,0.062012583020000005,0.057813465599999996,1
790,0.5,-1.0,-1.0,0.061404820529999994,0.06108179316000001,1
791,0.5,-1.0,-1.0,0.058050170539999994,0.06847783922999999,1
792,0.5,-1.0,-1.0,0.04461747035,0.02120252512,1
793,0.5,-1.0,-1.0,0.040099631989999995,0.029857506980000004,1
794,0.5,-1.0,-1.0,0.036185879260000005,0.009222613648,1
795,0.5,-1.0,-1.0,0.036055523900000004,0.03379841894,1
796,0.5,-1.0,-1.0,0.03594392166,0.022302862259999997,1
797,0.5,-1.0,-1.0,0.02622201107,0.02543043531,1
798,0.5,-1.0,-1.0,0.02114491165,0.02614725381,1
799,0.5,-1.0,-1.0,0.016451803969999998,0.1066090837,1
800,0.5,-1.0,-1.0,0.01163554192,0.01612575352,1
801,1.0,9.61882931,8.532998439,0.026732115069999996,0.01837117039,1
802,0.5,-1.0,-1.0,0.009004355408,0.002229783218,1
803,0.5,-1.0,-1.0,0.008773410693,0.007634734735,1
804,0.5,-1.0,-1.0,0.008221154101,0.005733735859,1
805,0.5,-1.0,-1.0,0.007222793996,0.006205256563,1
806,0.5,-1.0,-1.0,0.006696495693,0.005924043246,1
807,0.5,-1.0,-1.0,0.006302668247,0.0088181803,1
808,0.5,-1.0,-1.0,0.006171023473000001,0.0047956318589999995,1
809,0.5,-1.0,-1.0,0.00604121713,0.003571905196,1
810,0.5,-1.0,-1.0,0.178853929,0.1495666802,1
811,0.5,-1.0,-1.0,0.18476587530000002,0.22753477100000002,1
812,0.5,6.796579881,-1.0,0.04870656878000001,0.07257053256,1
813,0.5,-1.0,-1.0,0.19282707570000002,0.20968656239999997,1
814,0.5,6.748902623999999,-1.0,0.028307298199999997,0.03182050213,1
815,0.5,6.17231216,8.541521413,0.028548419480000004,0.04723372309999999,1
816,0.5,5.962973183,7.765572495,0.008531956002,0.001437684288,1
817,0.5,5.287186996,-1.0,0.0030298142229999996,0.0038043104580000003,1
818,0.5,5.07251704,-1.0,0.009839744307000001,0.007856362499,1
819,0.5,4.265722458,-1.0,0.001397952787,0.001013857313,1
820,0.5,4.125475809,-1.0,0.005080760922,0.01068126038,1
821,0.5,-1.0,9.120724261,0.01097937115,0.0163763389,1
822,0.5,-1.0,8.996786605,0.3663390875,1.0,1
823,0.5,-1.0,8.976557327,0.003825614462,0.005294333678,1
824,0.5,-1.0,8.715100214,0.009103597142,0.008563585579,1
825,0.5,-1.0,8.410631653,0.09567613154999999,0.1754098684,1
826,0.5,-1.0,8.221586339,0.01931018382,0.026886321600000002,1
827,0.5,-1.0,7.999020985,0.07890219241,0.08889378607000001,1
828,0.5,-1.0,7.86764809,0.0099667795,0.008781315759000001,1
829,0.5,-1.0,7.773343195,0.03527782485,0.037286959589999995,1
830,0.5,-1.0,7.5590682629999995,0.004678171594,0.002380381105,1
831,0.5,-1.0,6.03374108,0.19873636960000002,0.2769882679,1
832,0.5,-1.0,4.30473258,0.1553690434,0.2738938332,1
833,0.5,-1.0,3.670872573,0.005631839856999999,0.004213389009,1
834,0.5,-1.0,-1.0,1.0,1.0,1
835,0.5,-1.0,-1.0,0.625962019,0.34593096380000005,1
836,0.5,-1.0,-1.0,0.48297718170000004,0.48513859509999996,1
837,0.5,-1.0,-1.0,0.48043215270000006,1.0,1
838,0.5,-1.0,-1.0,0.2284467518,0.2704323232,1
839,1.0,-1.0,-1.0,0.002973188879,0.004032652359,1
840,1.0,-1.0,-1.0,0.0030569590159999997,0.002103381557,1
841,1.0,-1.0,8.511387599999999,0.0014410479930000001,0.0012559976889999999,1
842,1.0,-1.0,4.4904139910000005,0.01529939007,0.0060343868099999995,1
843,1.0,-1.0,7.060920862000001,0.003405640367,0.001455472549,1
844,1.0,-1.0,6.972735017000001,0.006750898900999999,0.005364805926,1
845,1.0,-1.0,6.963123336000001,0.01770720445,0.003701503156,1
846,1.0,-1.0,6.829617667000001,0.12131954730000001,0.3828593493,1
847,1.0,-1.0,6.8207241960000005,0.010312690400000001,0.008523034863,1
848,1.0,-1.0,6.77359588,0.01673964411,0.01482496131,1
849,1.0,-1.0,6.753163292999999,0.003292839509,0.002579189371,1
850,1.0,-1.0,6.620532498999999,0.0013847444209999999,0.0032248557549999996,1
851,1.0,-1.0,6.452163799,0.0014919602540000001,0.0006559210597,1
852,1.0,-1.0,6.300530212000001,0.004073617979999999,0.001008524792,1
853,1.0,-1.0,5.726562201,0.009529554285,0.002851746976,1
854,1.0,-1.0,4.6577781730000005,0.01092800125,0.02823491395,1
855,1.0,-1.0,4.126396714,0.009252429940000001,0.001989387674,1
856,1.0,-1.0,-1.0,0.0030949760690000003,0.0019520400090000001,1
857,1.0,-1.0,3.1317016719999997,0.0078045977280000005,0.0075996611270000005,1
858,1.0,-1.0,-1.0,0.6375675797,0.3414004445,1
859,1.0,-1.0,-1.0,0.47026881579999996,0.4535142779,1
860,1.0,-1.0,-1.0,0.3530441821,0.056677192450000004,1
861,1.0,-1.0,-1.0,0.2313937694,0.1070185602,1
862,1.0,-1.0,-1.0,0.1815369725,0.1024570093,1
863,1.0,-1.0,-1.0,0.1724433005,0.04569417983,1
864,1.0,-1.0,-1.0,0.15993782880000001,0.1158825532,1
865,1.0,-1.0,-1.0,0.09173993766,0.05274656415,1
866,1.0,-1.0,-1.0,0.09173993766,0.0236612279,1
867,1.0,-1.0,-1.0,0.0637838766,0.022588409480000002,1
868,1.0,-1.0,-1.0,0.05273983628000001,0.0015820403349999998,1
869,1.0,-1.0,7.072100232,0.015171437519999999,0.007237322628,1
870,1.0,-1.0,7.092277615,0.004452761728,0.003130045952,1
871,1.0,-1.0,7.145462018,0.005169039126,0.02100947313,1
872,1.0,-1.0,7.178300219,0.07570886612000001,0.043750714510000004,1
873,1.0,-1.0,8.466331211,0.01056135353,0.006040232722,1
874,1.0,-1.0,8.429242184,0.1218136773,0.1147518232,1
875,1.0,-1.0,8.424404755,0.02652619965,0.019395830109999998,1
876,1.0,-1.0,8.400210689,0.01002098247,0.01724859886,1
877,1.0,-1.0,8.337743562,0.004442092963,0.004344219808,1
878,1.0,-1.0,8.316296191000001,0.01045279298,0.003598399227,1
879,1.0,-1.0,8.291701117999999,0.004333535209,0.002031118376,1
880,1.0,-1.0,8.215734972,0.011458662340000002,0.01030462887,1
881,1.0,-1.0,8.204735173,0.0007536984631000001,0.0009986941004,1
882,1.0,-1.0,8.101152914,0.003701717826,0.002349985531,1
883,1.0,-1.0,8.072190071,0.4209060967,0.2848877609,1
884,1.0,-1.0,8.043254685,0.004808985628,0.005571363959,1
885,1.0,-1.0,8.041431775,0.002801396186,0.001957210246,1
886,1.0,-1.0,7.967689285,0.006501362193,0.0030844633,1
887,1.0,-1.0,7.96310226,0.001195538905,0.00199144613,1
888,1.0,-1.0,7.873260123,0.1408189088,0.058836251500000006,1
889,1.0,-1.0,7.86764809,0.0099667795,0.008781315759000001,1
890,1.0,-1.0,7.862927764,0.0034509929830000004,0.006419747137,1
891,1.0,-1.0,7.782654635,0.01324748434,0.007379126735000001,1
892,1.0,-1.0,7.582388095,0.01457457989,0.014318872240000002,1
893,1.0,-1.0,7.517183826,0.001628947444,0.007529780734,1
894,1.0,-1.0,7.490820965,0.0008033568737999999,0.0018717782800000001,1
895,1.0,-1.0,7.437393823,0.0007009659894,0.001016981318,1
896,1.0,-1.0,7.417488481,0.004727896303000001,0.0006640517968,1
897,1.0,-1.0,7.40922204,0.005309765227,0.003942111973,1
898,1.0,-1.0,-1.0,0.04798623547,0.03263763338,1
899,1.0,-1.0,-1.0,0.043820645660000004,0.030823966489999997,1
900,1.0,-1.0,-1.0,0.03212805837,0.0004942543455,1
901,1.0,-1.0,-1.0,0.0064346008,0.004616672173,1
902,1.0,-1.0,-1.0,0.00610785,0.01029897574,1
903,1.0,-1.0,-1.0,0.005983097479,0.004254996777,1
904,1.0,-1.0,-1.0,0.005857788026000001,0.004305945709,1
905,1.0,-1.0,-1.0,0.0058086034840000005,0.003494539764,1
906,1.0,-1.0,-1.0,0.005744211376,0.005841149017000001,1
907,1.0,-1.0,-1.0,0.005598725285,0.004290957004,1
908,1.0,-1.0,-1.0,0.0053666834719999995,0.0018774903150000001,1
909,1.0,-1.0,-1.0,0.005227671005,0.001094445819,1
910,1.0,-1.0,-1.0,0.005125036463,0.003410218749,1
911,1.0,-1.0,-1.0,0.004979998805,0.003130478784,1
912,1.0,-1.0,-1.0,0.004882606678,0.004013813101,1
913,1.0,-1.0,-1.0,0.0048512602220000004,0.007659302093,1
914,1.0,-1.0,-1.0,0.004768532701,0.010522358119999999,1
915,1.0,-1.0,-1.0,0.00453058444,0.0005393326865,1
916,1.0,-1.0,-1.0,0.004358191974,0.004348022863,1
917,1.0,-1.0,-1.0,0.004352679476,0.0009068740182999999,1
918,1.0,-1.0,-1.0,0.004287568852,0.004288013559,1
919,1.0,-1.0,-1.0,0.004153590649,0.005030167289,1
920,1.0,-1.0,-1.0,0.003996163141,0.0012013794620000001,1
921,1.0,-1.0,-1.0,0.00396705512,0.002560978523,1
922,1.0,-1.0,-1.0,0.003962025046,0.004768532701,1
923,1.0,-1.0,-1.0,0.003874565242,0.002731397748,1
924,1.0,-1.0,-1.0,0.003664905438,0.005747401156,1
925,1.0,-1.0,-1.0,0.003614614019,0.002564220456,1
926,1.0,-1.0,-1.0,0.003140089102,0.001232490176,1
927,1.0,-1.0,-1.0,0.006296477280999999,0.009451106191,1
928,1.0,-1.0,-1.0,0.008575557731,0.014114881869999998,1
929,1.0,-1.0,-1.0,0.027728298680000003,0.02041674219,1
930,1.0,-1.0,-1.0,0.00903494563,0.007750596851,1
931,1.0,-1.0,-1.0,0.02509712242,0.009049053304,1
932,1.0,-1.0,-1.0,0.02474692464,0.01520924177,1
933,1.0,-1.0,-1.0,0.02384644188,0.01600353979,1
934,1.0,-1.0,-1.0,0.02258941531,0.02305831201,1
935,1.0,-1.0,-1.0,0.01919793896,0.01878235303,1
936,1.0,-1.0,-1.0,0.019170753659999998,0.007954077795,1
937,1.0,-1.0,-1.0,0.01916575804,0.004232566804,1
938,1.0,-1.0,-1.0,0.01903638989,0.011899545790000002,1
939,1.0,-1.0,-1.0,0.01876692846,0.02021770179,1
940,1.0,-1.0,-1.0,0.018159462140000002,0.01509158406,1
941,1.0,-1.0,-1.0,0.017525440080000003,0.013136920520000001,1
942,1.0,-1.0,-1.0,0.01743318327,0.00815535523,1
943,1.0,-1.0,-1.0,0.01680235378,0.004955304787,1
944,1.0,-1.0,-1.0,0.01470975392,0.00531779509,1
945,1.0,-1.0,-1.0,0.014235966840000001,0.01278719772,1
946,1.0,-1.0,-1.0,0.01323221065,0.006277562119,1
947,1.0,-1.0,-1.0,0.01245242637,0.00892800279,1
948,1.0,-1.0,-1.0,0.011653396299999999,0.008416056633,1
949,1.0,-1.0,-1.0,0.01139907166,0.004577532411,1
950,1.0,-1.0,-1.0,0.01110364683,0.001709478325,1
951,1.0,-1.0,-1.0,0.01008635573,0.0063274018469999995,1
952,1.0,-1.0,-1.0,0.009683565237,0.0156981498,1
953,1.0,-1.0,-1.0,0.009509009309,0.008602092974,1
954,1.0,-1.0,-1.0,0.009463992901,0.0048195282,1
955,1.0,-1.0,-1.0,0.009349133819,0.006336305756,1
956,0.0,-1.0,-1.0,0.00048037883239999995,0.0009565380168999999,1
